#  E (eV)   dos(E)     Int dos(E) EFermi =    7.973 eV
 -10.000  0.4265E-83  0.2132E-84
  -9.950  0.4256E-83  0.4260E-84
  -9.900  0.4247E-83  0.6383E-84
  -9.850  0.4238E-83  0.8502E-84
  -9.800  0.4229E-83  0.1062E-83
  -9.750  0.4220E-83  0.1273E-83
  -9.700  0.4211E-83  0.1483E-83
  -9.650  0.4202E-83  0.1693E-83
  -9.600  0.4193E-83  0.1903E-83
  -9.550  0.4184E-83  0.2112E-83
  -9.500  0.4175E-83  0.2321E-83
  -9.450  0.4166E-83  0.2529E-83
  -9.400  0.4157E-83  0.2737E-83
  -9.350  0.4148E-83  0.2945E-83
  -9.300  0.4139E-83  0.3151E-83
  -9.250  0.4130E-83  0.3358E-83
  -9.200  0.4121E-83  0.3564E-83
  -9.150  0.4113E-83  0.3770E-83
  -9.100  0.4104E-83  0.3975E-83
  -9.050  0.4095E-83  0.4180E-83
  -9.000  0.4086E-83  0.4384E-83
  -8.950  0.4077E-83  0.4588E-83
  -8.900  0.4068E-83  0.4791E-83
  -8.850  0.4059E-83  0.4994E-83
  -8.800  0.4050E-83  0.5197E-83
  -8.750  0.4041E-83  0.5399E-83
  -8.700  0.4032E-83  0.5600E-83
  -8.650  0.4023E-83  0.5801E-83
  -8.600  0.4014E-83  0.6002E-83
  -8.550  0.4005E-83  0.6202E-83
  -8.500  0.3996E-83  0.6402E-83
  -8.450  0.3987E-83  0.6601E-83
  -8.400  0.3978E-83  0.6800E-83
  -8.350  0.3969E-83  0.6999E-83
  -8.300  0.3960E-83  0.7197E-83
  -8.250  0.3951E-83  0.7394E-83
  -8.200  0.3943E-83  0.7592E-83
  -8.150  0.3934E-83  0.7788E-83
  -8.100  0.3925E-83  0.7984E-83
  -8.050  0.3916E-83  0.8180E-83
  -8.000  0.3907E-83  0.8376E-83
  -7.950  0.3898E-83  0.8570E-83
  -7.900  0.3889E-83  0.8765E-83
  -7.850  0.3880E-83  0.8959E-83
  -7.800  0.3871E-83  0.9152E-83
  -7.750  0.3862E-83  0.9346E-83
  -7.700  0.3853E-83  0.9538E-83
  -7.650  0.3844E-83  0.9730E-83
  -7.600  0.3835E-83  0.9922E-83
  -7.550  0.3826E-83  0.1011E-82
  -7.500  0.3817E-83  0.1030E-82
  -7.450  0.3808E-83  0.1049E-82
  -7.400  0.3799E-83  0.1068E-82
  -7.350  0.3790E-83  0.1087E-82
  -7.300  0.3781E-83  0.1106E-82
  -7.250  0.3773E-83  0.1125E-82
  -7.200  0.3764E-83  0.1144E-82
  -7.150  0.3755E-83  0.1163E-82
  -7.100  0.3746E-83  0.1182E-82
  -7.050  0.3737E-83  0.1200E-82
  -7.000  0.3728E-83  0.1219E-82
  -6.950  0.3719E-83  0.1237E-82
  -6.900  0.3710E-83  0.1256E-82
  -6.850  0.3701E-83  0.1274E-82
  -6.800  0.3695E-83  0.1293E-82
  -6.750  0.4189E-83  0.1314E-82
  -6.700  0.7973E-82  0.1713E-82
  -6.650  0.1068E-79  0.5510E-81
  -6.600  0.1401E-77  0.7058E-79
  -6.550  0.1718E-75  0.8661E-77
  -6.500  0.1970E-73  0.9938E-75
  -6.450  0.2112E-71  0.1066E-72
  -6.400  0.2117E-69  0.1069E-70
  -6.350  0.1984E-67  0.1003E-68
  -6.300  0.1739E-65  0.8793E-67
  -6.250  0.1424E-63  0.7209E-65
  -6.200  0.1091E-61  0.5527E-63
  -6.150  0.7813E-60  0.3962E-61
  -6.100  0.5232E-58  0.2656E-59
  -6.050  0.3276E-56  0.1665E-57
  -6.000  0.1918E-54  0.9758E-56
  -5.950  0.1050E-52  0.5349E-54
  -5.900  0.5378E-51  0.2742E-52
  -5.850  0.2575E-49  0.1315E-50
  -5.800  0.1153E-47  0.5896E-49
  -5.750  0.4828E-46  0.2473E-47
  -5.700  0.1891E-44  0.9701E-46
  -5.650  0.6925E-43  0.3560E-44
  -5.600  0.2372E-41  0.1222E-42
  -5.550  0.7601E-40  0.3923E-41
  -5.500  0.2278E-38  0.1178E-39
  -5.450  0.6385E-37  0.3310E-38
  -5.400  0.1674E-35  0.8701E-37
  -5.350  0.4105E-34  0.2140E-35
  -5.300  0.9417E-33  0.4923E-34
  -5.250  0.2021E-31  0.1060E-32
  -5.200  0.4057E-30  0.2134E-31
  -5.150  0.7618E-29  0.4022E-30
  -5.100  0.1338E-27  0.7093E-29
  -5.050  0.2199E-26  0.1170E-27
  -5.000  0.3381E-25  0.1807E-26
  -4.950  0.4862E-24  0.2612E-25
  -4.900  0.6543E-23  0.3533E-24
  -4.850  0.8236E-22  0.4471E-23
  -4.800  0.9699E-21  0.5297E-22
  -4.750  0.1069E-19  0.5873E-21
  -4.700  0.1102E-18  0.6095E-20
  -4.650  0.1062E-17  0.5921E-19
  -4.600  0.9585E-17  0.5385E-18
  -4.550  0.8092E-16  0.4584E-17
  -4.500  0.6391E-15  0.3654E-16
  -4.450  0.4723E-14  0.2727E-15
  -4.400  0.3266E-13  0.1905E-14
  -4.350  0.2113E-12  0.1247E-13
  -4.300  0.1279E-11  0.7642E-13
  -4.250  0.7245E-11  0.4387E-12
  -4.200  0.3841E-10  0.2359E-11
  -4.150  0.1906E-09  0.1189E-10
  -4.100  0.8848E-09  0.5613E-10
  -4.050  0.3846E-08  0.2484E-09
  -4.000  0.1565E-07  0.1031E-08
  -3.950  0.5962E-07  0.4012E-08
  -3.900  0.2127E-06  0.1465E-07
  -3.850  0.7106E-06  0.5018E-07
  -3.800  0.2225E-05  0.1614E-06
  -3.750  0.6525E-05  0.4877E-06
  -3.700  0.1794E-04  0.1385E-05
  -3.650  0.4627E-04  0.3698E-05
  -3.600  0.1119E-03  0.9294E-05
  -3.550  0.2541E-03  0.2200E-04
  -3.500  0.5419E-03  0.4909E-04
  -3.450  0.1086E-02  0.1034E-03
  -3.400  0.2048E-02  0.2058E-03
  -3.350  0.3637E-02  0.3876E-03
  -3.300  0.6089E-02  0.6921E-03
  -3.250  0.9629E-02  0.1174E-02
  -3.200  0.1441E-01  0.1894E-02
  -3.150  0.2045E-01  0.2916E-02
  -3.100  0.2760E-01  0.4296E-02
  -3.050  0.3555E-01  0.6074E-02
  -3.000  0.4387E-01  0.8267E-02
  -2.950  0.5208E-01  0.1087E-01
  -2.900  0.5980E-01  0.1386E-01
  -2.850  0.6676E-01  0.1720E-01
  -2.800  0.7286E-01  0.2084E-01
  -2.750  0.7816E-01  0.2475E-01
  -2.700  0.8277E-01  0.2889E-01
  -2.650  0.8687E-01  0.3323E-01
  -2.600  0.9060E-01  0.3776E-01
  -2.550  0.9407E-01  0.4247E-01
  -2.500  0.9741E-01  0.4734E-01
  -2.450  0.1007E+00  0.5237E-01
  -2.400  0.1040E+00  0.5757E-01
  -2.350  0.1072E+00  0.6293E-01
  -2.300  0.1104E+00  0.6845E-01
  -2.250  0.1133E+00  0.7412E-01
  -2.200  0.1161E+00  0.7992E-01
  -2.150  0.1186E+00  0.8585E-01
  -2.100  0.1213E+00  0.9192E-01
  -2.050  0.1243E+00  0.9813E-01
  -2.000  0.1275E+00  0.1045E+00
  -1.950  0.1307E+00  0.1110E+00
  -1.900  0.1336E+00  0.1177E+00
  -1.850  0.1359E+00  0.1245E+00
  -1.800  0.1376E+00  0.1314E+00
  -1.750  0.1390E+00  0.1384E+00
  -1.700  0.1408E+00  0.1454E+00
  -1.650  0.1435E+00  0.1526E+00
  -1.600  0.1470E+00  0.1599E+00
  -1.550  0.1511E+00  0.1675E+00
  -1.500  0.1548E+00  0.1752E+00
  -1.450  0.1573E+00  0.1831E+00
  -1.400  0.1584E+00  0.1910E+00
  -1.350  0.1585E+00  0.1989E+00
  -1.300  0.1583E+00  0.2068E+00
  -1.250  0.1590E+00  0.2148E+00
  -1.200  0.1614E+00  0.2229E+00
  -1.150  0.1655E+00  0.2311E+00
  -1.100  0.1706E+00  0.2397E+00
  -1.050  0.1757E+00  0.2484E+00
  -1.000  0.1794E+00  0.2574E+00
  -0.950  0.1812E+00  0.2665E+00
  -0.900  0.1808E+00  0.2755E+00
  -0.850  0.1792E+00  0.2845E+00
  -0.800  0.1775E+00  0.2934E+00
  -0.750  0.1769E+00  0.3022E+00
  -0.700  0.1784E+00  0.3111E+00
  -0.650  0.1822E+00  0.3202E+00
  -0.600  0.1879E+00  0.3296E+00
  -0.550  0.1945E+00  0.3393E+00
  -0.500  0.2006E+00  0.3494E+00
  -0.450  0.2049E+00  0.3596E+00
  -0.400  0.2063E+00  0.3699E+00
  -0.350  0.2047E+00  0.3802E+00
  -0.300  0.2009E+00  0.3902E+00
  -0.250  0.1965E+00  0.4000E+00
  -0.200  0.1935E+00  0.4097E+00
  -0.150  0.1936E+00  0.4194E+00
  -0.100  0.1974E+00  0.4293E+00
  -0.050  0.2043E+00  0.4395E+00
   0.000  0.2128E+00  0.4501E+00
   0.050  0.2208E+00  0.4612E+00
   0.100  0.2268E+00  0.4725E+00
   0.150  0.2297E+00  0.4840E+00
   0.200  0.2295E+00  0.4955E+00
   0.250  0.2268E+00  0.5068E+00
   0.300  0.2227E+00  0.5179E+00
   0.350  0.2182E+00  0.5289E+00
   0.400  0.2145E+00  0.5396E+00
   0.450  0.2128E+00  0.5502E+00
   0.500  0.2140E+00  0.5609E+00
   0.550  0.2184E+00  0.5718E+00
   0.600  0.2257E+00  0.5831E+00
   0.650  0.2346E+00  0.5949E+00
   0.700  0.2436E+00  0.6070E+00
   0.750  0.2507E+00  0.6196E+00
   0.800  0.2548E+00  0.6323E+00
   0.850  0.2552E+00  0.6451E+00
   0.900  0.2526E+00  0.6577E+00
   0.950  0.2479E+00  0.6701E+00
   1.000  0.2424E+00  0.6822E+00
   1.050  0.2374E+00  0.6941E+00
   1.100  0.2336E+00  0.7058E+00
   1.150  0.2317E+00  0.7173E+00
   1.200  0.2324E+00  0.7290E+00
   1.250  0.2364E+00  0.7408E+00
   1.300  0.2438E+00  0.7530E+00
   1.350  0.2542E+00  0.7657E+00
   1.400  0.2661E+00  0.7790E+00
   1.450  0.2770E+00  0.7928E+00
   1.500  0.2844E+00  0.8071E+00
   1.550  0.2863E+00  0.8214E+00
   1.600  0.2826E+00  0.8355E+00
   1.650  0.2744E+00  0.8492E+00
   1.700  0.2643E+00  0.8624E+00
   1.750  0.2553E+00  0.8752E+00
   1.800  0.2494E+00  0.8877E+00
   1.850  0.2480E+00  0.9001E+00
   1.900  0.2508E+00  0.9126E+00
   1.950  0.2569E+00  0.9255E+00
   2.000  0.2649E+00  0.9387E+00
   2.050  0.2735E+00  0.9524E+00
   2.100  0.2816E+00  0.9665E+00
   2.150  0.2886E+00  0.9809E+00
   2.200  0.2943E+00  0.9956E+00
   2.250  0.2987E+00  0.1011E+01
   2.300  0.3018E+00  0.1026E+01
   2.350  0.3034E+00  0.1041E+01
   2.400  0.3030E+00  0.1056E+01
   2.450  0.3001E+00  0.1071E+01
   2.500  0.2946E+00  0.1086E+01
   2.550  0.2869E+00  0.1100E+01
   2.600  0.2785E+00  0.1114E+01
   2.650  0.2713E+00  0.1128E+01
   2.700  0.2675E+00  0.1141E+01
   2.750  0.2688E+00  0.1154E+01
   2.800  0.2757E+00  0.1168E+01
   2.850  0.2872E+00  0.1182E+01
   2.900  0.3011E+00  0.1198E+01
   2.950  0.3145E+00  0.1213E+01
   3.000  0.3252E+00  0.1230E+01
   3.050  0.3317E+00  0.1246E+01
   3.100  0.3342E+00  0.1263E+01
   3.150  0.3336E+00  0.1279E+01
   3.200  0.3312E+00  0.1296E+01
   3.250  0.3276E+00  0.1312E+01
   3.300  0.3229E+00  0.1329E+01
   3.350  0.3167E+00  0.1344E+01
   3.400  0.3092E+00  0.1360E+01
   3.450  0.3010E+00  0.1375E+01
   3.500  0.2936E+00  0.1390E+01
   3.550  0.2890E+00  0.1404E+01
   3.600  0.2886E+00  0.1418E+01
   3.650  0.2932E+00  0.1433E+01
   3.700  0.3025E+00  0.1448E+01
   3.750  0.3154E+00  0.1464E+01
   3.800  0.3299E+00  0.1481E+01
   3.850  0.3439E+00  0.1498E+01
   3.900  0.3552E+00  0.1515E+01
   3.950  0.3621E+00  0.1534E+01
   4.000  0.3638E+00  0.1552E+01
   4.050  0.3605E+00  0.1570E+01
   4.100  0.3533E+00  0.1587E+01
   4.150  0.3442E+00  0.1605E+01
   4.200  0.3353E+00  0.1621E+01
   4.250  0.3284E+00  0.1638E+01
   4.300  0.3242E+00  0.1654E+01
   4.350  0.3227E+00  0.1670E+01
   4.400  0.3231E+00  0.1686E+01
   4.450  0.3245E+00  0.1703E+01
   4.500  0.3266E+00  0.1719E+01
   4.550  0.3299E+00  0.1735E+01
   4.600  0.3352E+00  0.1752E+01
   4.650  0.3436E+00  0.1769E+01
   4.700  0.3551E+00  0.1787E+01
   4.750  0.3689E+00  0.1806E+01
   4.800  0.3828E+00  0.1825E+01
   4.850  0.3947E+00  0.1844E+01
   4.900  0.4027E+00  0.1865E+01
   4.950  0.4059E+00  0.1885E+01
   5.000  0.4047E+00  0.1905E+01
   5.050  0.3999E+00  0.1925E+01
   5.100  0.3926E+00  0.1945E+01
   5.150  0.3838E+00  0.1964E+01
   5.200  0.3742E+00  0.1983E+01
   5.250  0.3647E+00  0.2001E+01
   5.300  0.3568E+00  0.2019E+01
   5.350  0.3515E+00  0.2036E+01
   5.400  0.3499E+00  0.2054E+01
   5.450  0.3520E+00  0.2071E+01
   5.500  0.3569E+00  0.2089E+01
   5.550  0.3629E+00  0.2107E+01
   5.600  0.3682E+00  0.2126E+01
   5.650  0.3714E+00  0.2144E+01
   5.700  0.3722E+00  0.2163E+01
   5.750  0.3710E+00  0.2181E+01
   5.800  0.3687E+00  0.2200E+01
   5.850  0.3667E+00  0.2218E+01
   5.900  0.3660E+00  0.2237E+01
   5.950  0.3671E+00  0.2255E+01
   6.000  0.3697E+00  0.2273E+01
   6.050  0.3724E+00  0.2292E+01
   6.100  0.3733E+00  0.2311E+01
   6.150  0.3701E+00  0.2329E+01
   6.200  0.3617E+00  0.2347E+01
   6.250  0.3484E+00  0.2365E+01
   6.300  0.3325E+00  0.2381E+01
   6.350  0.3178E+00  0.2397E+01
   6.400  0.3085E+00  0.2413E+01
   6.450  0.3079E+00  0.2428E+01
   6.500  0.3168E+00  0.2444E+01
   6.550  0.3335E+00  0.2461E+01
   6.600  0.3544E+00  0.2478E+01
   6.650  0.3753E+00  0.2497E+01
   6.700  0.3925E+00  0.2517E+01
   6.750  0.4042E+00  0.2537E+01
   6.800  0.4100E+00  0.2557E+01
   6.850  0.4108E+00  0.2578E+01
   6.900  0.4083E+00  0.2598E+01
   6.950  0.4041E+00  0.2618E+01
   7.000  0.3999E+00  0.2638E+01
   7.050  0.3972E+00  0.2658E+01
   7.100  0.3970E+00  0.2678E+01
   7.150  0.3993E+00  0.2698E+01
   7.200  0.4030E+00  0.2718E+01
   7.250  0.4058E+00  0.2739E+01
   7.300  0.4052E+00  0.2759E+01
   7.350  0.3992E+00  0.2779E+01
   7.400  0.3872E+00  0.2798E+01
   7.450  0.3707E+00  0.2817E+01
   7.500  0.3529E+00  0.2834E+01
   7.550  0.3377E+00  0.2851E+01
   7.600  0.3287E+00  0.2868E+01
   7.650  0.3282E+00  0.2884E+01
   7.700  0.3368E+00  0.2901E+01
   7.750  0.3534E+00  0.2919E+01
   7.800  0.3756E+00  0.2937E+01
   7.850  0.4004E+00  0.2957E+01
   7.900  0.4245E+00  0.2979E+01
   7.950  0.4446E+00  0.3001E+01
   8.000  0.4584E+00  0.3024E+01
   8.050  0.4646E+00  0.3047E+01
   8.100  0.4633E+00  0.3070E+01
   8.150  0.4560E+00  0.3093E+01
   8.200  0.4451E+00  0.3115E+01
   8.250  0.4331E+00  0.3137E+01
   8.300  0.4220E+00  0.3158E+01
   8.350  0.4130E+00  0.3179E+01
   8.400  0.4060E+00  0.3199E+01
   8.450  0.4004E+00  0.3219E+01
   8.500  0.3948E+00  0.3239E+01
   8.550  0.3882E+00  0.3258E+01
   8.600  0.3807E+00  0.3277E+01
   8.650  0.3735E+00  0.3296E+01
   8.700  0.3690E+00  0.3314E+01
   8.750  0.3700E+00  0.3333E+01
   8.800  0.3787E+00  0.3352E+01
   8.850  0.3954E+00  0.3371E+01
   8.900  0.4184E+00  0.3392E+01
   8.950  0.4442E+00  0.3415E+01
   9.000  0.4684E+00  0.3438E+01
   9.050  0.4869E+00  0.3462E+01
   9.100  0.4969E+00  0.3487E+01
   9.150  0.4972E+00  0.3512E+01
   9.200  0.4884E+00  0.3536E+01
   9.250  0.4722E+00  0.3560E+01
   9.300  0.4513E+00  0.3583E+01
   9.350  0.4286E+00  0.3604E+01
   9.400  0.4074E+00  0.3624E+01
   9.450  0.3909E+00  0.3644E+01
   9.500  0.3811E+00  0.3663E+01
   9.550  0.3790E+00  0.3682E+01
   9.600  0.3838E+00  0.3701E+01
   9.650  0.3933E+00  0.3721E+01
   9.700  0.4048E+00  0.3741E+01
   9.750  0.4162E+00  0.3762E+01
   9.800  0.4263E+00  0.3783E+01
   9.850  0.4355E+00  0.3805E+01
   9.900  0.4446E+00  0.3827E+01
   9.950  0.4545E+00  0.3850E+01
  10.000  0.4651E+00  0.3873E+01
  10.050  0.4751E+00  0.3897E+01
  10.100  0.4829E+00  0.3921E+01
  10.150  0.4870E+00  0.3945E+01
  10.200  0.4871E+00  0.3970E+01
  10.250  0.4840E+00  0.3994E+01
  10.300  0.4790E+00  0.4018E+01
  10.350  0.4734E+00  0.4042E+01
  10.400  0.4678E+00  0.4065E+01
  10.450  0.4616E+00  0.4088E+01
  10.500  0.4544E+00  0.4111E+01
  10.550  0.4462E+00  0.4133E+01
  10.600  0.4379E+00  0.4155E+01
  10.650  0.4311E+00  0.4177E+01
  10.700  0.4272E+00  0.4198E+01
  10.750  0.4268E+00  0.4219E+01
  10.800  0.4298E+00  0.4241E+01
  10.850  0.4354E+00  0.4263E+01
  10.900  0.4428E+00  0.4285E+01
  10.950  0.4517E+00  0.4307E+01
  11.000  0.4623E+00  0.4330E+01
  11.050  0.4745E+00  0.4354E+01
  11.100  0.4878E+00  0.4379E+01
  11.150  0.5006E+00  0.4404E+01
  11.200  0.5105E+00  0.4429E+01
  11.250  0.5151E+00  0.4455E+01
  11.300  0.5133E+00  0.4480E+01
  11.350  0.5055E+00  0.4506E+01
  11.400  0.4939E+00  0.4530E+01
  11.450  0.4818E+00  0.4555E+01
  11.500  0.4724E+00  0.4578E+01
  11.550  0.4677E+00  0.4602E+01
  11.600  0.4680E+00  0.4625E+01
  11.650  0.4721E+00  0.4649E+01
  11.700  0.4778E+00  0.4672E+01
  11.750  0.4830E+00  0.4697E+01
  11.800  0.4858E+00  0.4721E+01
  11.850  0.4856E+00  0.4745E+01
  11.900  0.4829E+00  0.4769E+01
  11.950  0.4792E+00  0.4793E+01
  12.000  0.4765E+00  0.4817E+01
  12.050  0.4762E+00  0.4841E+01
  12.100  0.4791E+00  0.4865E+01
  12.150  0.4848E+00  0.4889E+01
  12.200  0.4923E+00  0.4914E+01
  12.250  0.5005E+00  0.4939E+01
  12.300  0.5088E+00  0.4964E+01
  12.350  0.5171E+00  0.4990E+01
  12.400  0.5256E+00  0.5016E+01
  12.450  0.5341E+00  0.5043E+01
  12.500  0.5418E+00  0.5070E+01
  12.550  0.5470E+00  0.5097E+01
  12.600  0.5479E+00  0.5125E+01
  12.650  0.5430E+00  0.5152E+01
  12.700  0.5318E+00  0.5179E+01
  12.750  0.5153E+00  0.5204E+01
  12.800  0.4963E+00  0.5229E+01
  12.850  0.4789E+00  0.5253E+01
  12.900  0.4673E+00  0.5276E+01
  12.950  0.4651E+00  0.5300E+01
  13.000  0.4738E+00  0.5323E+01
  13.050  0.4926E+00  0.5348E+01
  13.100  0.5184E+00  0.5374E+01
  13.150  0.5470E+00  0.5401E+01
  13.200  0.5736E+00  0.5430E+01
  13.250  0.5945E+00  0.5460E+01
  13.300  0.6070E+00  0.5490E+01
  13.350  0.6099E+00  0.5521E+01
  13.400  0.6038E+00  0.5551E+01
  13.450  0.5907E+00  0.5580E+01
  13.500  0.5738E+00  0.5609E+01
  13.550  0.5572E+00  0.5637E+01
  13.600  0.5446E+00  0.5664E+01
  13.650  0.5386E+00  0.5691E+01
  13.700  0.5403E+00  0.5718E+01
  13.750  0.5490E+00  0.5745E+01
  13.800  0.5628E+00  0.5774E+01
  13.850  0.5788E+00  0.5803E+01
  13.900  0.5944E+00  0.5832E+01
  13.950  0.6073E+00  0.5863E+01
  14.000  0.6153E+00  0.5893E+01
  14.050  0.6168E+00  0.5924E+01
  14.100  0.6109E+00  0.5955E+01
  14.150  0.5974E+00  0.5985E+01
  14.200  0.5773E+00  0.6014E+01
  14.250  0.5534E+00  0.6041E+01
  14.300  0.5294E+00  0.6068E+01
  14.350  0.5099E+00  0.6093E+01
  14.400  0.4989E+00  0.6118E+01
  14.450  0.4987E+00  0.6143E+01
  14.500  0.5095E+00  0.6169E+01
  14.550  0.5286E+00  0.6195E+01
  14.600  0.5513E+00  0.6223E+01
  14.650  0.5721E+00  0.6251E+01
  14.700  0.5860E+00  0.6280E+01
  14.750  0.5901E+00  0.6310E+01
  14.800  0.5843E+00  0.6339E+01
  14.850  0.5709E+00  0.6368E+01
  14.900  0.5534E+00  0.6395E+01
  14.950  0.5355E+00  0.6422E+01
  15.000  0.5200E+00  0.6448E+01
  15.050  0.5082E+00  0.6474E+01
  15.100  0.5008E+00  0.6499E+01
  15.150  0.4980E+00  0.6523E+01
  15.200  0.4998E+00  0.6548E+01
  15.250  0.5063E+00  0.6574E+01
  15.300  0.5167E+00  0.6600E+01
  15.350  0.5295E+00  0.6626E+01
  15.400  0.5421E+00  0.6653E+01
  15.450  0.5521E+00  0.6681E+01
  15.500  0.5576E+00  0.6709E+01
  15.550  0.5580E+00  0.6737E+01
  15.600  0.5540E+00  0.6764E+01
  15.650  0.5471E+00  0.6792E+01
  15.700  0.5390E+00  0.6819E+01
  15.750  0.5309E+00  0.6845E+01
  15.800  0.5233E+00  0.6871E+01
  15.850  0.5165E+00  0.6897E+01
  15.900  0.5107E+00  0.6923E+01
  15.950  0.5071E+00  0.6948E+01
  16.000  0.5067E+00  0.6973E+01
  16.050  0.5106E+00  0.6999E+01
  16.100  0.5187E+00  0.7025E+01
  16.150  0.5299E+00  0.7051E+01
  16.200  0.5417E+00  0.7078E+01
  16.250  0.5512E+00  0.7106E+01
  16.300  0.5560E+00  0.7134E+01
  16.350  0.5551E+00  0.7162E+01
  16.400  0.5490E+00  0.7189E+01
  16.450  0.5398E+00  0.7216E+01
  16.500  0.5302E+00  0.7242E+01
  16.550  0.5227E+00  0.7269E+01
  16.600  0.5185E+00  0.7295E+01
  16.650  0.5180E+00  0.7320E+01
  16.700  0.5203E+00  0.7346E+01
  16.750  0.5244E+00  0.7373E+01
  16.800  0.5295E+00  0.7399E+01
  16.850  0.5350E+00  0.7426E+01
  16.900  0.5403E+00  0.7453E+01
  16.950  0.5440E+00  0.7480E+01
  17.000  0.5447E+00  0.7507E+01
  17.050  0.5412E+00  0.7534E+01
  17.100  0.5334E+00  0.7561E+01
  17.150  0.5228E+00  0.7587E+01
  17.200  0.5124E+00  0.7613E+01
  17.250  0.5061E+00  0.7638E+01
  17.300  0.5070E+00  0.7663E+01
  17.350  0.5170E+00  0.7689E+01
  17.400  0.5350E+00  0.7716E+01
  17.450  0.5578E+00  0.7744E+01
  17.500  0.5802E+00  0.7773E+01
  17.550  0.5967E+00  0.7803E+01
  17.600  0.6035E+00  0.7833E+01
  17.650  0.5994E+00  0.7863E+01
  17.700  0.5865E+00  0.7892E+01
  17.750  0.5695E+00  0.7921E+01
  17.800  0.5537E+00  0.7948E+01
  17.850  0.5430E+00  0.7976E+01
  17.900  0.5390E+00  0.8003E+01
  17.950  0.5403E+00  0.8030E+01
  18.000  0.5442E+00  0.8057E+01
  18.050  0.5478E+00  0.8084E+01
  18.100  0.5500E+00  0.8112E+01
  18.150  0.5519E+00  0.8139E+01
  18.200  0.5556E+00  0.8167E+01
  18.250  0.5629E+00  0.8195E+01
  18.300  0.5738E+00  0.8224E+01
  18.350  0.5860E+00  0.8253E+01
  18.400  0.5963E+00  0.8283E+01
  18.450  0.6014E+00  0.8313E+01
  18.500  0.6006E+00  0.8343E+01
  18.550  0.5951E+00  0.8373E+01
  18.600  0.5884E+00  0.8402E+01
  18.650  0.5844E+00  0.8431E+01
  18.700  0.5856E+00  0.8461E+01
  18.750  0.5922E+00  0.8490E+01
  18.800  0.6024E+00  0.8520E+01
  18.850  0.6123E+00  0.8551E+01
  18.900  0.6184E+00  0.8582E+01
  18.950  0.6183E+00  0.8613E+01
  19.000  0.6122E+00  0.8644E+01
  19.050  0.6024E+00  0.8674E+01
  19.100  0.5929E+00  0.8703E+01
  19.150  0.5878E+00  0.8733E+01
  19.200  0.5900E+00  0.8762E+01
  19.250  0.6005E+00  0.8792E+01
  19.300  0.6186E+00  0.8823E+01
  19.350  0.6423E+00  0.8855E+01
  19.400  0.6687E+00  0.8889E+01
  19.450  0.6950E+00  0.8923E+01
  19.500  0.7184E+00  0.8959E+01
  19.550  0.7365E+00  0.8996E+01
  19.600  0.7473E+00  0.9034E+01
  19.650  0.7496E+00  0.9071E+01
  19.700  0.7434E+00  0.9108E+01
  19.750  0.7295E+00  0.9145E+01
  19.800  0.7100E+00  0.9180E+01
  19.850  0.6878E+00  0.9215E+01
  19.900  0.6665E+00  0.9248E+01
  19.950  0.6495E+00  0.9280E+01
  20.000  0.6393E+00  0.9312E+01
