#  E (eV)   dos(E)     Int dos(E) EFermi =   -4.240 eV
 -15.000  0.4633E+00  0.9266E-02
 -14.980  0.5794E+00  0.2085E-01
 -14.960  0.6977E+00  0.3481E-01
 -14.940  0.8094E+00  0.5100E-01
 -14.920  0.9054E+00  0.6910E-01
 -14.900  0.9774E+00  0.8865E-01
 -14.880  0.1019E+01  0.1090E+00
 -14.860  0.1027E+01  0.1296E+00
 -14.840  0.1000E+01  0.1496E+00
 -14.820  0.9431E+00  0.1684E+00
 -14.800  0.8605E+00  0.1856E+00
 -14.780  0.7598E+00  0.2008E+00
 -14.760  0.6492E+00  0.2138E+00
 -14.740  0.5366E+00  0.2246E+00
 -14.720  0.4289E+00  0.2331E+00
 -14.700  0.3312E+00  0.2398E+00
 -14.680  0.2469E+00  0.2447E+00
 -14.660  0.1776E+00  0.2483E+00
 -14.640  0.1232E+00  0.2507E+00
 -14.620  0.8227E-01  0.2524E+00
 -14.600  0.5289E-01  0.2534E+00
 -14.580  0.3271E-01  0.2541E+00
 -14.560  0.1945E-01  0.2545E+00
 -14.540  0.1111E-01  0.2547E+00
 -14.520  0.6092E-02  0.2548E+00
 -14.500  0.3208E-02  0.2549E+00
 -14.480  0.1621E-02  0.2549E+00
 -14.460  0.7858E-03  0.2549E+00
 -14.440  0.3659E-03  0.2549E+00
 -14.420  0.1648E-03  0.2549E+00
 -14.400  0.7525E-04  0.2549E+00
 -14.380  0.4385E-04  0.2549E+00
 -14.360  0.5092E-04  0.2549E+00
 -14.340  0.1027E-03  0.2549E+00
 -14.320  0.2357E-03  0.2549E+00
 -14.300  0.5336E-03  0.2549E+00
 -14.280  0.1163E-02  0.2550E+00
 -14.260  0.2432E-02  0.2550E+00
 -14.240  0.4872E-02  0.2551E+00
 -14.220  0.9355E-02  0.2553E+00
 -14.200  0.1722E-01  0.2556E+00
 -14.180  0.3037E-01  0.2563E+00
 -14.160  0.5136E-01  0.2573E+00
 -14.140  0.8327E-01  0.2589E+00
 -14.120  0.1295E+00  0.2615E+00
 -14.100  0.1930E+00  0.2654E+00
 -14.080  0.2762E+00  0.2709E+00
 -14.060  0.3793E+00  0.2785E+00
 -14.040  0.5002E+00  0.2885E+00
 -14.020  0.6340E+00  0.3012E+00
 -14.000  0.7732E+00  0.3167E+00
 -13.980  0.9085E+00  0.3348E+00
 -13.960  0.1030E+01  0.3554E+00
 -13.940  0.1130E+01  0.3780E+00
 -13.920  0.1203E+01  0.4021E+00
 -13.900  0.1246E+01  0.4270E+00
 -13.880  0.1261E+01  0.4522E+00
 -13.860  0.1251E+01  0.4772E+00
 -13.840  0.1220E+01  0.5016E+00
 -13.820  0.1172E+01  0.5251E+00
 -13.800  0.1111E+01  0.5473E+00
 -13.780  0.1036E+01  0.5680E+00
 -13.760  0.9505E+00  0.5870E+00
 -13.740  0.8538E+00  0.6041E+00
 -13.720  0.7484E+00  0.6191E+00
 -13.700  0.6378E+00  0.6318E+00
 -13.680  0.5268E+00  0.6424E+00
 -13.660  0.4205E+00  0.6508E+00
 -13.640  0.3237E+00  0.6573E+00
 -13.620  0.2399E+00  0.6620E+00
 -13.600  0.1710E+00  0.6655E+00
 -13.580  0.1172E+00  0.6678E+00
 -13.560  0.7746E-01  0.6694E+00
 -13.540  0.4986E-01  0.6704E+00
 -13.520  0.3221E-01  0.6710E+00
 -13.500  0.2256E-01  0.6715E+00
 -13.480  0.1947E-01  0.6718E+00
 -13.460  0.2219E-01  0.6723E+00
 -13.440  0.3058E-01  0.6729E+00
 -13.420  0.4497E-01  0.6738E+00
 -13.400  0.6590E-01  0.6751E+00
 -13.380  0.9369E-01  0.6770E+00
 -13.360  0.1281E+00  0.6796E+00
 -13.340  0.1679E+00  0.6829E+00
 -13.320  0.2109E+00  0.6871E+00
 -13.300  0.2538E+00  0.6922E+00
 -13.280  0.2924E+00  0.6981E+00
 -13.260  0.3227E+00  0.7045E+00
 -13.240  0.3411E+00  0.7113E+00
 -13.220  0.3452E+00  0.7182E+00
 -13.200  0.3347E+00  0.7249E+00
 -13.180  0.3108E+00  0.7311E+00
 -13.160  0.2764E+00  0.7367E+00
 -13.140  0.2357E+00  0.7414E+00
 -13.120  0.1929E+00  0.7452E+00
 -13.100  0.1522E+00  0.7483E+00
 -13.080  0.1167E+00  0.7506E+00
 -13.060  0.8907E-01  0.7524E+00
 -13.040  0.7100E-01  0.7538E+00
 -13.020  0.6378E-01  0.7551E+00
 -13.000  0.6855E-01  0.7565E+00
 -12.980  0.8645E-01  0.7582E+00
 -12.960  0.1186E+00  0.7606E+00
 -12.940  0.1656E+00  0.7639E+00
 -12.920  0.2273E+00  0.7684E+00
 -12.900  0.3018E+00  0.7745E+00
 -12.880  0.3854E+00  0.7822E+00
 -12.860  0.4721E+00  0.7916E+00
 -12.840  0.5543E+00  0.8027E+00
 -12.820  0.6237E+00  0.8152E+00
 -12.800  0.6728E+00  0.8286E+00
 -12.780  0.6963E+00  0.8425E+00
 -12.760  0.6921E+00  0.8564E+00
 -12.740  0.6623E+00  0.8696E+00
 -12.720  0.6125E+00  0.8819E+00
 -12.700  0.5511E+00  0.8929E+00
 -12.680  0.4874E+00  0.9027E+00
 -12.660  0.4304E+00  0.9113E+00
 -12.640  0.3868E+00  0.9190E+00
 -12.620  0.3604E+00  0.9262E+00
 -12.600  0.3521E+00  0.9333E+00
 -12.580  0.3597E+00  0.9404E+00
 -12.560  0.3796E+00  0.9480E+00
 -12.540  0.4076E+00  0.9562E+00
 -12.520  0.4402E+00  0.9650E+00
 -12.500  0.4753E+00  0.9745E+00
 -12.480  0.5120E+00  0.9847E+00
 -12.460  0.5508E+00  0.9958E+00
 -12.440  0.5921E+00  0.1008E+01
 -12.420  0.6352E+00  0.1020E+01
 -12.400  0.6780E+00  0.1034E+01
 -12.380  0.7164E+00  0.1048E+01
 -12.360  0.7447E+00  0.1063E+01
 -12.340  0.7572E+00  0.1078E+01
 -12.320  0.7497E+00  0.1093E+01
 -12.300  0.7204E+00  0.1108E+01
 -12.280  0.6709E+00  0.1121E+01
 -12.260  0.6064E+00  0.1133E+01
 -12.240  0.5341E+00  0.1144E+01
 -12.220  0.4627E+00  0.1153E+01
 -12.200  0.4002E+00  0.1161E+01
 -12.180  0.3525E+00  0.1168E+01
 -12.160  0.3229E+00  0.1175E+01
 -12.140  0.3113E+00  0.1181E+01
 -12.120  0.3148E+00  0.1187E+01
 -12.100  0.3284E+00  0.1194E+01
 -12.080  0.3462E+00  0.1201E+01
 -12.060  0.3625E+00  0.1208E+01
 -12.040  0.3730E+00  0.1215E+01
 -12.020  0.3758E+00  0.1223E+01
 -12.000  0.3716E+00  0.1230E+01
 -11.980  0.3638E+00  0.1238E+01
 -11.960  0.3579E+00  0.1245E+01
 -11.940  0.3606E+00  0.1252E+01
 -11.920  0.3790E+00  0.1260E+01
 -11.900  0.4191E+00  0.1268E+01
 -11.880  0.4850E+00  0.1278E+01
 -11.860  0.5775E+00  0.1289E+01
 -11.840  0.6939E+00  0.1303E+01
 -11.820  0.8273E+00  0.1320E+01
 -11.800  0.9675E+00  0.1339E+01
 -11.780  0.1101E+01  0.1361E+01
 -11.760  0.1214E+01  0.1385E+01
 -11.740  0.1294E+01  0.1411E+01
 -11.720  0.1330E+01  0.1438E+01
 -11.700  0.1318E+01  0.1464E+01
 -11.680  0.1258E+01  0.1489E+01
 -11.660  0.1156E+01  0.1512E+01
 -11.640  0.1022E+01  0.1533E+01
 -11.620  0.8704E+00  0.1550E+01
 -11.600  0.7135E+00  0.1564E+01
 -11.580  0.5636E+00  0.1576E+01
 -11.560  0.4301E+00  0.1584E+01
 -11.540  0.3191E+00  0.1591E+01
 -11.520  0.2337E+00  0.1595E+01
 -11.500  0.1744E+00  0.1599E+01
 -11.480  0.1403E+00  0.1602E+01
 -11.460  0.1297E+00  0.1604E+01
 -11.440  0.1409E+00  0.1607E+01
 -11.420  0.1723E+00  0.1611E+01
 -11.400  0.2222E+00  0.1615E+01
 -11.380  0.2891E+00  0.1621E+01
 -11.360  0.3710E+00  0.1628E+01
 -11.340  0.4654E+00  0.1638E+01
 -11.320  0.5687E+00  0.1649E+01
 -11.300  0.6766E+00  0.1662E+01
 -11.280  0.7839E+00  0.1678E+01
 -11.260  0.8848E+00  0.1696E+01
 -11.240  0.9733E+00  0.1715E+01
 -11.220  0.1043E+01  0.1736E+01
 -11.200  0.1090E+01  0.1758E+01
 -11.180  0.1110E+01  0.1780E+01
 -11.160  0.1101E+01  0.1802E+01
 -11.140  0.1064E+01  0.1823E+01
 -11.120  0.1003E+01  0.1843E+01
 -11.100  0.9238E+00  0.1862E+01
 -11.080  0.8349E+00  0.1879E+01
 -11.060  0.7453E+00  0.1894E+01
 -11.040  0.6646E+00  0.1907E+01
 -11.020  0.6016E+00  0.1919E+01
 -11.000  0.5632E+00  0.1930E+01
 -10.980  0.5536E+00  0.1941E+01
 -10.960  0.5740E+00  0.1953E+01
 -10.940  0.6225E+00  0.1965E+01
 -10.920  0.6946E+00  0.1979E+01
 -10.900  0.7842E+00  0.1995E+01
 -10.880  0.8849E+00  0.2012E+01
 -10.860  0.9909E+00  0.2032E+01
 -10.840  0.1097E+01  0.2054E+01
 -10.820  0.1201E+01  0.2078E+01
 -10.800  0.1299E+01  0.2104E+01
 -10.780  0.1388E+01  0.2132E+01
 -10.760  0.1466E+01  0.2161E+01
 -10.740  0.1529E+01  0.2192E+01
 -10.720  0.1573E+01  0.2223E+01
 -10.700  0.1597E+01  0.2255E+01
 -10.680  0.1602E+01  0.2287E+01
 -10.660  0.1590E+01  0.2319E+01
 -10.640  0.1565E+01  0.2350E+01
 -10.620  0.1533E+01  0.2381E+01
 -10.600  0.1496E+01  0.2411E+01
 -10.580  0.1455E+01  0.2440E+01
 -10.560  0.1407E+01  0.2468E+01
 -10.540  0.1347E+01  0.2495E+01
 -10.520  0.1271E+01  0.2521E+01
 -10.500  0.1177E+01  0.2544E+01
 -10.480  0.1066E+01  0.2565E+01
 -10.460  0.9426E+00  0.2584E+01
 -10.440  0.8163E+00  0.2601E+01
 -10.420  0.6983E+00  0.2615E+01
 -10.400  0.6000E+00  0.2627E+01
 -10.380  0.5313E+00  0.2637E+01
 -10.360  0.4988E+00  0.2647E+01
 -10.340  0.5049E+00  0.2657E+01
 -10.320  0.5477E+00  0.2668E+01
 -10.300  0.6212E+00  0.2681E+01
 -10.280  0.7162E+00  0.2695E+01
 -10.260  0.8215E+00  0.2711E+01
 -10.240  0.9250E+00  0.2730E+01
 -10.220  0.1016E+01  0.2750E+01
 -10.200  0.1084E+01  0.2772E+01
 -10.180  0.1125E+01  0.2794E+01
 -10.160  0.1134E+01  0.2817E+01
 -10.140  0.1113E+01  0.2839E+01
 -10.120  0.1064E+01  0.2861E+01
 -10.100  0.9920E+00  0.2880E+01
 -10.080  0.9023E+00  0.2898E+01
 -10.060  0.8009E+00  0.2914E+01
 -10.040  0.6933E+00  0.2928E+01
 -10.020  0.5849E+00  0.2940E+01
 -10.000  0.4803E+00  0.2950E+01
  -9.980  0.3833E+00  0.2957E+01
  -9.960  0.2969E+00  0.2963E+01
  -9.940  0.2231E+00  0.2968E+01
  -9.920  0.1629E+00  0.2971E+01
  -9.900  0.1162E+00  0.2973E+01
  -9.880  0.8257E-01  0.2975E+01
  -9.860  0.6132E-01  0.2976E+01
  -9.840  0.5181E-01  0.2977E+01
  -9.820  0.5390E-01  0.2978E+01
  -9.800  0.6799E-01  0.2980E+01
  -9.780  0.9496E-01  0.2982E+01
  -9.760  0.1358E+00  0.2984E+01
  -9.740  0.1912E+00  0.2988E+01
  -9.720  0.2607E+00  0.2993E+01
  -9.700  0.3424E+00  0.3000E+01
  -9.680  0.4325E+00  0.3009E+01
  -9.660  0.5258E+00  0.3019E+01
  -9.640  0.6163E+00  0.3032E+01
  -9.620  0.6988E+00  0.3046E+01
  -9.600  0.7696E+00  0.3061E+01
  -9.580  0.8283E+00  0.3078E+01
  -9.560  0.8781E+00  0.3095E+01
  -9.540  0.9250E+00  0.3114E+01
  -9.520  0.9767E+00  0.3133E+01
  -9.500  0.1041E+01  0.3154E+01
  -9.480  0.1121E+01  0.3176E+01
  -9.460  0.1219E+01  0.3201E+01
  -9.440  0.1328E+01  0.3227E+01
  -9.420  0.1438E+01  0.3256E+01
  -9.400  0.1536E+01  0.3287E+01
  -9.380  0.1607E+01  0.3319E+01
  -9.360  0.1639E+01  0.3352E+01
  -9.340  0.1622E+01  0.3384E+01
  -9.320  0.1555E+01  0.3415E+01
  -9.300  0.1440E+01  0.3444E+01
  -9.280  0.1288E+01  0.3470E+01
  -9.260  0.1112E+01  0.3492E+01
  -9.240  0.9277E+00  0.3511E+01
  -9.220  0.7503E+00  0.3526E+01
  -9.200  0.5923E+00  0.3538E+01
  -9.180  0.4630E+00  0.3547E+01
  -9.160  0.3672E+00  0.3554E+01
  -9.140  0.3062E+00  0.3560E+01
  -9.120  0.2779E+00  0.3566E+01
  -9.100  0.2781E+00  0.3571E+01
  -9.080  0.3007E+00  0.3577E+01
  -9.060  0.3393E+00  0.3584E+01
  -9.040  0.3869E+00  0.3592E+01
  -9.020  0.4371E+00  0.3601E+01
  -9.000  0.4844E+00  0.3610E+01
  -8.980  0.5240E+00  0.3621E+01
  -8.960  0.5525E+00  0.3632E+01
  -8.940  0.5677E+00  0.3643E+01
  -8.920  0.5682E+00  0.3655E+01
  -8.900  0.5540E+00  0.3666E+01
  -8.880  0.5257E+00  0.3676E+01
  -8.860  0.4851E+00  0.3686E+01
  -8.840  0.4347E+00  0.3695E+01
  -8.820  0.3777E+00  0.3702E+01
  -8.800  0.3177E+00  0.3708E+01
  -8.780  0.2585E+00  0.3714E+01
  -8.760  0.2034E+00  0.3718E+01
  -8.740  0.1551E+00  0.3721E+01
  -8.720  0.1156E+00  0.3723E+01
  -8.700  0.8605E-01  0.3725E+01
  -8.680  0.6698E-01  0.3726E+01
  -8.660  0.5874E-01  0.3727E+01
  -8.640  0.6169E-01  0.3729E+01
  -8.620  0.7641E-01  0.3730E+01
  -8.600  0.1038E+00  0.3732E+01
  -8.580  0.1450E+00  0.3735E+01
  -8.560  0.2012E+00  0.3739E+01
  -8.540  0.2732E+00  0.3745E+01
  -8.520  0.3612E+00  0.3752E+01
  -8.500  0.4643E+00  0.3761E+01
  -8.480  0.5803E+00  0.3773E+01
  -8.460  0.7054E+00  0.3787E+01
  -8.440  0.8336E+00  0.3803E+01
  -8.420  0.9576E+00  0.3823E+01
  -8.400  0.1068E+01  0.3844E+01
  -8.380  0.1156E+01  0.3867E+01
  -8.360  0.1213E+01  0.3891E+01
  -8.340  0.1231E+01  0.3916E+01
  -8.320  0.1209E+01  0.3940E+01
  -8.300  0.1147E+01  0.3963E+01
  -8.280  0.1053E+01  0.3984E+01
  -8.260  0.9388E+00  0.4003E+01
  -8.240  0.8171E+00  0.4019E+01
  -8.220  0.7030E+00  0.4033E+01
  -8.200  0.6101E+00  0.4046E+01
  -8.180  0.5485E+00  0.4057E+01
  -8.160  0.5245E+00  0.4067E+01
  -8.140  0.5388E+00  0.4078E+01
  -8.120  0.5876E+00  0.4090E+01
  -8.100  0.6623E+00  0.4103E+01
  -8.080  0.7512E+00  0.4118E+01
  -8.060  0.8407E+00  0.4135E+01
  -8.040  0.9175E+00  0.4153E+01
  -8.020  0.9699E+00  0.4172E+01
  -8.000  0.9898E+00  0.4192E+01
  -7.980  0.9735E+00  0.4212E+01
  -7.960  0.9225E+00  0.4230E+01
  -7.940  0.8423E+00  0.4247E+01
  -7.920  0.7416E+00  0.4262E+01
  -7.900  0.6311E+00  0.4274E+01
  -7.880  0.5212E+00  0.4285E+01
  -7.860  0.4212E+00  0.4293E+01
  -7.840  0.3383E+00  0.4300E+01
  -7.820  0.2769E+00  0.4306E+01
  -7.800  0.2387E+00  0.4310E+01
  -7.780  0.2231E+00  0.4315E+01
  -7.760  0.2272E+00  0.4319E+01
  -7.740  0.2469E+00  0.4324E+01
  -7.720  0.2766E+00  0.4330E+01
  -7.700  0.3109E+00  0.4336E+01
  -7.680  0.3444E+00  0.4343E+01
  -7.660  0.3731E+00  0.4350E+01
  -7.640  0.3947E+00  0.4358E+01
  -7.620  0.4085E+00  0.4366E+01
  -7.600  0.4159E+00  0.4375E+01
  -7.580  0.4191E+00  0.4383E+01
  -7.560  0.4208E+00  0.4392E+01
  -7.540  0.4229E+00  0.4400E+01
  -7.520  0.4263E+00  0.4409E+01
  -7.500  0.4301E+00  0.4417E+01
  -7.480  0.4326E+00  0.4426E+01
  -7.460  0.4314E+00  0.4434E+01
  -7.440  0.4244E+00  0.4443E+01
  -7.420  0.4103E+00  0.4451E+01
  -7.400  0.3889E+00  0.4459E+01
  -7.380  0.3612E+00  0.4466E+01
  -7.360  0.3289E+00  0.4473E+01
  -7.340  0.2940E+00  0.4479E+01
  -7.320  0.2584E+00  0.4484E+01
  -7.300  0.2237E+00  0.4488E+01
  -7.280  0.1914E+00  0.4492E+01
  -7.260  0.1624E+00  0.4495E+01
  -7.240  0.1381E+00  0.4498E+01
  -7.220  0.1198E+00  0.4500E+01
  -7.200  0.1094E+00  0.4503E+01
  -7.180  0.1090E+00  0.4505E+01
  -7.160  0.1208E+00  0.4507E+01
  -7.140  0.1470E+00  0.4510E+01
  -7.120  0.1895E+00  0.4514E+01
  -7.100  0.2493E+00  0.4519E+01
  -7.080  0.3260E+00  0.4525E+01
  -7.060  0.4179E+00  0.4534E+01
  -7.040  0.5212E+00  0.4544E+01
  -7.020  0.6304E+00  0.4557E+01
  -7.000  0.7384E+00  0.4572E+01
  -6.980  0.8378E+00  0.4588E+01
  -6.960  0.9213E+00  0.4607E+01
  -6.940  0.9833E+00  0.4626E+01
  -6.920  0.1021E+01  0.4647E+01
  -6.900  0.1035E+01  0.4668E+01
  -6.880  0.1030E+01  0.4688E+01
  -6.860  0.1011E+01  0.4708E+01
  -6.840  0.9867E+00  0.4728E+01
  -6.820  0.9634E+00  0.4747E+01
  -6.800  0.9457E+00  0.4766E+01
  -6.780  0.9348E+00  0.4785E+01
  -6.760  0.9284E+00  0.4804E+01
  -6.740  0.9215E+00  0.4822E+01
  -6.720  0.9079E+00  0.4840E+01
  -6.700  0.8821E+00  0.4858E+01
  -6.680  0.8404E+00  0.4875E+01
  -6.660  0.7819E+00  0.4890E+01
  -6.640  0.7084E+00  0.4904E+01
  -6.620  0.6240E+00  0.4917E+01
  -6.600  0.5340E+00  0.4928E+01
  -6.580  0.4437E+00  0.4936E+01
  -6.560  0.3581E+00  0.4944E+01
  -6.540  0.2806E+00  0.4949E+01
  -6.520  0.2135E+00  0.4954E+01
  -6.500  0.1577E+00  0.4957E+01
  -6.480  0.1129E+00  0.4959E+01
  -6.460  0.7841E-01  0.4961E+01
  -6.440  0.5271E-01  0.4962E+01
  -6.420  0.3429E-01  0.4962E+01
  -6.400  0.2159E-01  0.4963E+01
  -6.380  0.1322E-01  0.4963E+01
  -6.360  0.8016E-02  0.4963E+01
  -6.340  0.5129E-02  0.4963E+01
  -6.320  0.4022E-02  0.4963E+01
  -6.300  0.4492E-02  0.4963E+01
  -6.280  0.6668E-02  0.4964E+01
  -6.260  0.1101E-01  0.4964E+01
  -6.240  0.1828E-01  0.4964E+01
  -6.220  0.2947E-01  0.4965E+01
  -6.200  0.4569E-01  0.4966E+01
  -6.180  0.6791E-01  0.4967E+01
  -6.160  0.9668E-01  0.4969E+01
  -6.140  0.1318E+00  0.4972E+01
  -6.120  0.1722E+00  0.4975E+01
  -6.100  0.2154E+00  0.4979E+01
  -6.080  0.2580E+00  0.4984E+01
  -6.060  0.2960E+00  0.4990E+01
  -6.040  0.3252E+00  0.4997E+01
  -6.020  0.3422E+00  0.5004E+01
  -6.000  0.3449E+00  0.5011E+01
  -5.980  0.3330E+00  0.5017E+01
  -5.960  0.3081E+00  0.5023E+01
  -5.940  0.2734E+00  0.5029E+01
  -5.920  0.2332E+00  0.5034E+01
  -5.900  0.1921E+00  0.5037E+01
  -5.880  0.1546E+00  0.5040E+01
  -5.860  0.1246E+00  0.5043E+01
  -5.840  0.1053E+00  0.5045E+01
  -5.820  0.9913E-01  0.5047E+01
  -5.800  0.1080E+00  0.5049E+01
  -5.780  0.1333E+00  0.5052E+01
  -5.760  0.1755E+00  0.5055E+01
  -5.740  0.2340E+00  0.5060E+01
  -5.720  0.3065E+00  0.5066E+01
  -5.700  0.3887E+00  0.5074E+01
  -5.680  0.4744E+00  0.5083E+01
  -5.660  0.5556E+00  0.5095E+01
  -5.640  0.6236E+00  0.5107E+01
  -5.620  0.6706E+00  0.5120E+01
  -5.600  0.6907E+00  0.5134E+01
  -5.580  0.6813E+00  0.5148E+01
  -5.560  0.6437E+00  0.5161E+01
  -5.540  0.5824E+00  0.5172E+01
  -5.520  0.5046E+00  0.5183E+01
  -5.500  0.4188E+00  0.5191E+01
  -5.480  0.3329E+00  0.5198E+01
  -5.460  0.2534E+00  0.5203E+01
  -5.440  0.1847E+00  0.5206E+01
  -5.420  0.1289E+00  0.5209E+01
  -5.400  0.8621E-01  0.5211E+01
  -5.380  0.5520E-01  0.5212E+01
  -5.360  0.3385E-01  0.5212E+01
  -5.340  0.1988E-01  0.5213E+01
  -5.320  0.1118E-01  0.5213E+01
  -5.300  0.6024E-02  0.5213E+01
  -5.280  0.3108E-02  0.5213E+01
  -5.260  0.1536E-02  0.5213E+01
  -5.240  0.7266E-03  0.5213E+01
  -5.220  0.3293E-03  0.5213E+01
  -5.200  0.1429E-03  0.5213E+01
  -5.180  0.5940E-04  0.5213E+01
  -5.160  0.2364E-04  0.5213E+01
  -5.140  0.9013E-05  0.5213E+01
  -5.120  0.3291E-05  0.5213E+01
  -5.100  0.1151E-05  0.5213E+01
  -5.080  0.3853E-06  0.5213E+01
  -5.060  0.1236E-06  0.5213E+01
  -5.040  0.3796E-07  0.5213E+01
  -5.020  0.1116E-07  0.5213E+01
  -5.000  0.3145E-08  0.5213E+01
  -4.980  0.8486E-09  0.5213E+01
  -4.960  0.2194E-09  0.5213E+01
  -4.940  0.5501E-10  0.5213E+01
  -4.920  0.1620E-10  0.5213E+01
  -4.900  0.1713E-10  0.5213E+01
  -4.880  0.5850E-10  0.5213E+01
  -4.860  0.2257E-09  0.5213E+01
  -4.840  0.8424E-09  0.5213E+01
  -4.820  0.3012E-08  0.5213E+01
  -4.800  0.1032E-07  0.5213E+01
  -4.780  0.3383E-07  0.5213E+01
  -4.760  0.1063E-06  0.5213E+01
  -4.740  0.3197E-06  0.5213E+01
  -4.720  0.9209E-06  0.5213E+01
  -4.700  0.2541E-05  0.5213E+01
  -4.680  0.6714E-05  0.5213E+01
  -4.660  0.1699E-04  0.5213E+01
  -4.640  0.4118E-04  0.5213E+01
  -4.620  0.9558E-04  0.5213E+01
  -4.600  0.2125E-03  0.5213E+01
  -4.580  0.4523E-03  0.5213E+01
  -4.560  0.9222E-03  0.5213E+01
  -4.540  0.1801E-02  0.5213E+01
  -4.520  0.3367E-02  0.5213E+01
  -4.500  0.6031E-02  0.5214E+01
  -4.480  0.1034E-01  0.5214E+01
  -4.460  0.1699E-01  0.5214E+01
  -4.440  0.2673E-01  0.5215E+01
  -4.420  0.4027E-01  0.5215E+01
  -4.400  0.5811E-01  0.5217E+01
  -4.380  0.8030E-01  0.5218E+01
  -4.360  0.1063E+00  0.5220E+01
  -4.340  0.1347E+00  0.5223E+01
  -4.320  0.1635E+00  0.5226E+01
  -4.300  0.1900E+00  0.5230E+01
  -4.280  0.2116E+00  0.5234E+01
  -4.260  0.2256E+00  0.5239E+01
  -4.240  0.2304E+00  0.5243E+01
  -4.220  0.2253E+00  0.5248E+01
  -4.200  0.2110E+00  0.5252E+01
  -4.180  0.1893E+00  0.5256E+01
  -4.160  0.1626E+00  0.5259E+01
  -4.140  0.1338E+00  0.5262E+01
  -4.120  0.1054E+00  0.5264E+01
  -4.100  0.7953E-01  0.5266E+01
  -4.080  0.5747E-01  0.5267E+01
  -4.060  0.3978E-01  0.5267E+01
  -4.040  0.2636E-01  0.5268E+01
  -4.020  0.1674E-01  0.5268E+01
  -4.000  0.1017E-01  0.5269E+01
  -3.980  0.5924E-02  0.5269E+01
  -3.960  0.3303E-02  0.5269E+01
  -3.940  0.1764E-02  0.5269E+01
  -3.920  0.9021E-03  0.5269E+01
  -3.900  0.4419E-03  0.5269E+01
  -3.880  0.2073E-03  0.5269E+01
  -3.860  0.9311E-04  0.5269E+01
  -3.840  0.4006E-04  0.5269E+01
  -3.820  0.1651E-04  0.5269E+01
  -3.800  0.6514E-05  0.5269E+01
  -3.780  0.2462E-05  0.5269E+01
  -3.760  0.8910E-06  0.5269E+01
  -3.740  0.3089E-06  0.5269E+01
  -3.720  0.1025E-06  0.5269E+01
  -3.700  0.3260E-07  0.5269E+01
  -3.680  0.9926E-08  0.5269E+01
  -3.660  0.2895E-08  0.5269E+01
  -3.640  0.8107E-09  0.5269E+01
  -3.620  0.2268E-09  0.5269E+01
  -3.600  0.1004E-09  0.5269E+01
  -3.580  0.1966E-09  0.5269E+01
  -3.560  0.7157E-09  0.5269E+01
  -3.540  0.2657E-08  0.5269E+01
  -3.520  0.9481E-08  0.5269E+01
  -3.500  0.3241E-07  0.5269E+01
  -3.480  0.1061E-06  0.5269E+01
  -3.460  0.3328E-06  0.5269E+01
  -3.440  0.9995E-06  0.5269E+01
  -3.420  0.2875E-05  0.5269E+01
  -3.400  0.7919E-05  0.5269E+01
  -3.380  0.2089E-04  0.5269E+01
  -3.360  0.5278E-04  0.5269E+01
  -3.340  0.1277E-03  0.5269E+01
  -3.320  0.2960E-03  0.5269E+01
  -3.300  0.6568E-03  0.5269E+01
  -3.280  0.1396E-02  0.5269E+01
  -3.260  0.2842E-02  0.5269E+01
  -3.240  0.5542E-02  0.5269E+01
  -3.220  0.1035E-01  0.5269E+01
  -3.200  0.1851E-01  0.5270E+01
  -3.180  0.3172E-01  0.5270E+01
  -3.160  0.5206E-01  0.5271E+01
  -3.140  0.8187E-01  0.5273E+01
  -3.120  0.1233E+00  0.5275E+01
  -3.100  0.1781E+00  0.5279E+01
  -3.080  0.2466E+00  0.5284E+01
  -3.060  0.3273E+00  0.5290E+01
  -3.040  0.4169E+00  0.5299E+01
  -3.020  0.5100E+00  0.5309E+01
  -3.000  0.5997E+00  0.5321E+01
  -2.980  0.6787E+00  0.5335E+01
  -2.960  0.7406E+00  0.5349E+01
  -2.940  0.7813E+00  0.5365E+01
  -2.920  0.7988E+00  0.5381E+01
  -2.900  0.7946E+00  0.5397E+01
  -2.880  0.7717E+00  0.5412E+01
  -2.860  0.7348E+00  0.5427E+01
  -2.840  0.6885E+00  0.5441E+01
  -2.820  0.6365E+00  0.5453E+01
  -2.800  0.5816E+00  0.5465E+01
  -2.780  0.5258E+00  0.5476E+01
  -2.760  0.4703E+00  0.5485E+01
  -2.740  0.4167E+00  0.5493E+01
  -2.720  0.3665E+00  0.5501E+01
  -2.700  0.3218E+00  0.5507E+01
  -2.680  0.2842E+00  0.5513E+01
  -2.660  0.2550E+00  0.5518E+01
  -2.640  0.2342E+00  0.5523E+01
  -2.620  0.2208E+00  0.5527E+01
  -2.600  0.2130E+00  0.5531E+01
  -2.580  0.2085E+00  0.5535E+01
  -2.560  0.2055E+00  0.5540E+01
  -2.540  0.2028E+00  0.5544E+01
  -2.520  0.2011E+00  0.5548E+01
  -2.500  0.2021E+00  0.5552E+01
  -2.480  0.2090E+00  0.5556E+01
  -2.460  0.2254E+00  0.5560E+01
  -2.440  0.2546E+00  0.5565E+01
  -2.420  0.2984E+00  0.5571E+01
  -2.400  0.3567E+00  0.5579E+01
  -2.380  0.4263E+00  0.5587E+01
  -2.360  0.5014E+00  0.5597E+01
  -2.340  0.5742E+00  0.5609E+01
  -2.320  0.6358E+00  0.5621E+01
  -2.300  0.6778E+00  0.5635E+01
  -2.280  0.6941E+00  0.5649E+01
  -2.260  0.6819E+00  0.5662E+01
  -2.240  0.6422E+00  0.5675E+01
  -2.220  0.5795E+00  0.5687E+01
  -2.200  0.5010E+00  0.5697E+01
  -2.180  0.4148E+00  0.5705E+01
  -2.160  0.3290E+00  0.5712E+01
  -2.140  0.2500E+00  0.5717E+01
  -2.120  0.1819E+00  0.5720E+01
  -2.100  0.1269E+00  0.5723E+01
  -2.080  0.8508E-01  0.5725E+01
  -2.060  0.5521E-01  0.5726E+01
  -2.040  0.3552E-01  0.5726E+01
  -2.020  0.2422E-01  0.5727E+01
  -2.000  0.2000E-01  0.5727E+01
  -1.980  0.2231E-01  0.5728E+01
  -1.960  0.3145E-01  0.5728E+01
  -1.940  0.4855E-01  0.5729E+01
  -1.920  0.7528E-01  0.5731E+01
  -1.900  0.1135E+00  0.5733E+01
  -1.880  0.1646E+00  0.5736E+01
  -1.860  0.2290E+00  0.5741E+01
  -1.840  0.3053E+00  0.5747E+01
  -1.820  0.3899E+00  0.5755E+01
  -1.800  0.4770E+00  0.5764E+01
  -1.780  0.5592E+00  0.5776E+01
  -1.760  0.6285E+00  0.5788E+01
  -1.740  0.6776E+00  0.5802E+01
  -1.720  0.7018E+00  0.5816E+01
  -1.700  0.6999E+00  0.5830E+01
  -1.680  0.6748E+00  0.5843E+01
  -1.660  0.6333E+00  0.5856E+01
  -1.640  0.5847E+00  0.5868E+01
  -1.620  0.5394E+00  0.5878E+01
  -1.600  0.5067E+00  0.5889E+01
  -1.580  0.4929E+00  0.5898E+01
  -1.560  0.5007E+00  0.5908E+01
  -1.540  0.5282E+00  0.5919E+01
  -1.520  0.5695E+00  0.5930E+01
  -1.500  0.6159E+00  0.5943E+01
  -1.480  0.6575E+00  0.5956E+01
  -1.460  0.6848E+00  0.5970E+01
  -1.440  0.6911E+00  0.5983E+01
  -1.420  0.6727E+00  0.5997E+01
  -1.400  0.6299E+00  0.6009E+01
  -1.380  0.5668E+00  0.6021E+01
  -1.360  0.4895E+00  0.6031E+01
  -1.340  0.4057E+00  0.6039E+01
  -1.320  0.3225E+00  0.6045E+01
  -1.300  0.2460E+00  0.6050E+01
  -1.280  0.1800E+00  0.6054E+01
  -1.260  0.1264E+00  0.6056E+01
  -1.240  0.8537E-01  0.6058E+01
  -1.220  0.5575E-01  0.6059E+01
  -1.200  0.3570E-01  0.6060E+01
  -1.180  0.2325E-01  0.6060E+01
  -1.160  0.1657E-01  0.6060E+01
  -1.140  0.1423E-01  0.6061E+01
  -1.120  0.1515E-01  0.6061E+01
  -1.100  0.1856E-01  0.6061E+01
  -1.080  0.2391E-01  0.6062E+01
  -1.060  0.3074E-01  0.6063E+01
  -1.040  0.3862E-01  0.6063E+01
  -1.020  0.4716E-01  0.6064E+01
  -1.000  0.5610E-01  0.6065E+01
  -0.980  0.6540E-01  0.6067E+01
  -0.960  0.7540E-01  0.6068E+01
  -0.940  0.8684E-01  0.6070E+01
  -0.920  0.1009E+00  0.6072E+01
  -0.900  0.1188E+00  0.6074E+01
  -0.880  0.1418E+00  0.6077E+01
  -0.860  0.1706E+00  0.6081E+01
  -0.840  0.2049E+00  0.6085E+01
  -0.820  0.2433E+00  0.6090E+01
  -0.800  0.2837E+00  0.6095E+01
  -0.780  0.3232E+00  0.6102E+01
  -0.760  0.3595E+00  0.6109E+01
  -0.740  0.3907E+00  0.6117E+01
  -0.720  0.4170E+00  0.6125E+01
  -0.700  0.4400E+00  0.6134E+01
  -0.680  0.4628E+00  0.6143E+01
  -0.660  0.4891E+00  0.6153E+01
  -0.640  0.5218E+00  0.6163E+01
  -0.620  0.5619E+00  0.6175E+01
  -0.600  0.6077E+00  0.6187E+01
  -0.580  0.6548E+00  0.6200E+01
  -0.560  0.6970E+00  0.6214E+01
  -0.540  0.7273E+00  0.6228E+01
  -0.520  0.7401E+00  0.6243E+01
  -0.500  0.7325E+00  0.6258E+01
  -0.480  0.7051E+00  0.6272E+01
  -0.460  0.6622E+00  0.6285E+01
  -0.440  0.6103E+00  0.6297E+01
  -0.420  0.5571E+00  0.6308E+01
  -0.400  0.5093E+00  0.6319E+01
  -0.380  0.4715E+00  0.6328E+01
  -0.360  0.4453E+00  0.6337E+01
  -0.340  0.4295E+00  0.6346E+01
  -0.320  0.4208E+00  0.6354E+01
  -0.300  0.4155E+00  0.6362E+01
  -0.280  0.4100E+00  0.6370E+01
  -0.260  0.4028E+00  0.6379E+01
  -0.240  0.3939E+00  0.6386E+01
  -0.220  0.3853E+00  0.6394E+01
  -0.200  0.3797E+00  0.6402E+01
  -0.180  0.3797E+00  0.6409E+01
  -0.160  0.3865E+00  0.6417E+01
  -0.140  0.3997E+00  0.6425E+01
  -0.120  0.4172E+00  0.6433E+01
  -0.100  0.4358E+00  0.6442E+01
  -0.080  0.4525E+00  0.6451E+01
  -0.060  0.4654E+00  0.6460E+01
  -0.040  0.4751E+00  0.6470E+01
  -0.020  0.4844E+00  0.6480E+01
   0.000  0.4986E+00  0.6490E+01
   0.020  0.5237E+00  0.6500E+01
   0.040  0.5649E+00  0.6511E+01
   0.060  0.6252E+00  0.6524E+01
   0.080  0.7033E+00  0.6538E+01
   0.100  0.7933E+00  0.6554E+01
   0.120  0.8855E+00  0.6571E+01
   0.140  0.9673E+00  0.6591E+01
   0.160  0.1026E+01  0.6611E+01
   0.180  0.1051E+01  0.6632E+01
   0.200  0.1037E+01  0.6653E+01
   0.220  0.9831E+00  0.6673E+01
   0.240  0.8945E+00  0.6691E+01
   0.260  0.7808E+00  0.6706E+01
   0.280  0.6543E+00  0.6719E+01
   0.300  0.5273E+00  0.6730E+01
   0.320  0.4110E+00  0.6738E+01
   0.340  0.3138E+00  0.6744E+01
   0.360  0.2417E+00  0.6749E+01
   0.380  0.1983E+00  0.6753E+01
   0.400  0.1856E+00  0.6757E+01
   0.420  0.2048E+00  0.6761E+01
   0.440  0.2561E+00  0.6766E+01
   0.460  0.3393E+00  0.6773E+01
   0.480  0.4522E+00  0.6782E+01
   0.500  0.5901E+00  0.6794E+01
   0.520  0.7454E+00  0.6809E+01
   0.540  0.9071E+00  0.6827E+01
   0.560  0.1062E+01  0.6848E+01
   0.580  0.1195E+01  0.6872E+01
   0.600  0.1293E+01  0.6898E+01
   0.620  0.1347E+01  0.6925E+01
   0.640  0.1353E+01  0.6952E+01
   0.660  0.1312E+01  0.6978E+01
   0.680  0.1234E+01  0.7003E+01
   0.700  0.1128E+01  0.7025E+01
   0.720  0.1010E+01  0.7045E+01
   0.740  0.8922E+00  0.7063E+01
   0.760  0.7843E+00  0.7079E+01
   0.780  0.6926E+00  0.7093E+01
   0.800  0.6190E+00  0.7105E+01
   0.820  0.5621E+00  0.7117E+01
   0.840  0.5188E+00  0.7127E+01
   0.860  0.4855E+00  0.7137E+01
   0.880  0.4596E+00  0.7146E+01
   0.900  0.4394E+00  0.7155E+01
   0.920  0.4245E+00  0.7163E+01
   0.940  0.4148E+00  0.7171E+01
   0.960  0.4097E+00  0.7180E+01
   0.980  0.4078E+00  0.7188E+01
   1.000  0.4067E+00  0.7196E+01
   1.020  0.4030E+00  0.7204E+01
   1.040  0.3936E+00  0.7212E+01
   1.060  0.3759E+00  0.7219E+01
   1.080  0.3490E+00  0.7226E+01
   1.100  0.3135E+00  0.7233E+01
   1.120  0.2717E+00  0.7238E+01
   1.140  0.2266E+00  0.7243E+01
   1.160  0.1819E+00  0.7246E+01
   1.180  0.1406E+00  0.7249E+01
   1.200  0.1055E+00  0.7251E+01
   1.220  0.7805E-01  0.7253E+01
   1.240  0.5950E-01  0.7254E+01
   1.260  0.5052E-01  0.7255E+01
   1.280  0.5183E-01  0.7256E+01
   1.300  0.6442E-01  0.7257E+01
   1.320  0.8957E-01  0.7259E+01
   1.340  0.1287E+00  0.7262E+01
   1.360  0.1827E+00  0.7265E+01
   1.380  0.2520E+00  0.7270E+01
   1.400  0.3354E+00  0.7277E+01
   1.420  0.4300E+00  0.7286E+01
   1.440  0.5314E+00  0.7296E+01
   1.460  0.6345E+00  0.7309E+01
   1.480  0.7341E+00  0.7324E+01
   1.500  0.8260E+00  0.7340E+01
   1.520  0.9082E+00  0.7358E+01
   1.540  0.9804E+00  0.7378E+01
   1.560  0.1044E+01  0.7399E+01
   1.580  0.1101E+01  0.7421E+01
   1.600  0.1153E+01  0.7444E+01
   1.620  0.1197E+01  0.7468E+01
   1.640  0.1232E+01  0.7492E+01
   1.660  0.1252E+01  0.7517E+01
   1.680  0.1254E+01  0.7542E+01
   1.700  0.1235E+01  0.7567E+01
   1.720  0.1198E+01  0.7591E+01
   1.740  0.1150E+01  0.7614E+01
   1.760  0.1100E+01  0.7636E+01
   1.780  0.1061E+01  0.7657E+01
   1.800  0.1044E+01  0.7678E+01
   1.820  0.1057E+01  0.7699E+01
   1.840  0.1102E+01  0.7721E+01
   1.860  0.1173E+01  0.7745E+01
   1.880  0.1259E+01  0.7770E+01
   1.900  0.1344E+01  0.7797E+01
   1.920  0.1413E+01  0.7825E+01
   1.940  0.1451E+01  0.7854E+01
   1.960  0.1450E+01  0.7883E+01
   1.980  0.1407E+01  0.7911E+01
   2.000  0.1328E+01  0.7938E+01
   2.020  0.1222E+01  0.7962E+01
   2.040  0.1100E+01  0.7984E+01
   2.060  0.9734E+00  0.8004E+01
   2.080  0.8516E+00  0.8021E+01
   2.100  0.7397E+00  0.8036E+01
   2.120  0.6400E+00  0.8048E+01
   2.140  0.5519E+00  0.8060E+01
   2.160  0.4742E+00  0.8069E+01
   2.180  0.4057E+00  0.8077E+01
   2.200  0.3463E+00  0.8084E+01
   2.220  0.2969E+00  0.8090E+01
   2.240  0.2592E+00  0.8095E+01
   2.260  0.2353E+00  0.8100E+01
   2.280  0.2265E+00  0.8104E+01
   2.300  0.2330E+00  0.8109E+01
   2.320  0.2537E+00  0.8114E+01
   2.340  0.2864E+00  0.8120E+01
   2.360  0.3280E+00  0.8126E+01
   2.380  0.3754E+00  0.8134E+01
   2.400  0.4266E+00  0.8142E+01
   2.420  0.4806E+00  0.8152E+01
   2.440  0.5380E+00  0.8163E+01
   2.460  0.6006E+00  0.8175E+01
   2.480  0.6702E+00  0.8188E+01
   2.500  0.7475E+00  0.8203E+01
   2.520  0.8311E+00  0.8220E+01
   2.540  0.9167E+00  0.8238E+01
   2.560  0.9973E+00  0.8258E+01
   2.580  0.1064E+01  0.8279E+01
   2.600  0.1110E+01  0.8302E+01
   2.620  0.1128E+01  0.8324E+01
   2.640  0.1118E+01  0.8347E+01
   2.660  0.1082E+01  0.8368E+01
   2.680  0.1029E+01  0.8389E+01
   2.700  0.9725E+00  0.8408E+01
   2.720  0.9239E+00  0.8427E+01
   2.740  0.8953E+00  0.8445E+01
   2.760  0.8937E+00  0.8462E+01
   2.780  0.9208E+00  0.8481E+01
   2.800  0.9717E+00  0.8500E+01
   2.820  0.1037E+01  0.8521E+01
   2.840  0.1103E+01  0.8543E+01
   2.860  0.1158E+01  0.8566E+01
   2.880  0.1190E+01  0.8590E+01
   2.900  0.1194E+01  0.8614E+01
   2.920  0.1166E+01  0.8637E+01
   2.940  0.1112E+01  0.8660E+01
   2.960  0.1037E+01  0.8680E+01
   2.980  0.9518E+00  0.8699E+01
   3.000  0.8653E+00  0.8717E+01
   3.020  0.7874E+00  0.8732E+01
   3.040  0.7275E+00  0.8747E+01
   3.060  0.6936E+00  0.8761E+01
   3.080  0.6934E+00  0.8775E+01
   3.100  0.7327E+00  0.8789E+01
   3.120  0.8155E+00  0.8806E+01
   3.140  0.9419E+00  0.8824E+01
   3.160  0.1108E+01  0.8847E+01
   3.180  0.1304E+01  0.8873E+01
   3.200  0.1514E+01  0.8903E+01
   3.220  0.1720E+01  0.8937E+01
   3.240  0.1901E+01  0.8975E+01
   3.260  0.2038E+01  0.9016E+01
   3.280  0.2114E+01  0.9058E+01
   3.300  0.2124E+01  0.9101E+01
   3.320  0.2069E+01  0.9142E+01
   3.340  0.1959E+01  0.9181E+01
   3.360  0.1814E+01  0.9218E+01
   3.380  0.1656E+01  0.9251E+01
   3.400  0.1507E+01  0.9281E+01
   3.420  0.1389E+01  0.9309E+01
   3.440  0.1312E+01  0.9335E+01
   3.460  0.1281E+01  0.9361E+01
   3.480  0.1294E+01  0.9386E+01
   3.500  0.1340E+01  0.9413E+01
   3.520  0.1408E+01  0.9441E+01
   3.540  0.1483E+01  0.9471E+01
   3.560  0.1555E+01  0.9502E+01
   3.580  0.1615E+01  0.9535E+01
   3.600  0.1657E+01  0.9568E+01
   3.620  0.1680E+01  0.9601E+01
   3.640  0.1685E+01  0.9635E+01
   3.660  0.1673E+01  0.9668E+01
   3.680  0.1649E+01  0.9701E+01
   3.700  0.1617E+01  0.9734E+01
   3.720  0.1584E+01  0.9765E+01
   3.740  0.1555E+01  0.9796E+01
   3.760  0.1536E+01  0.9827E+01
   3.780  0.1531E+01  0.9858E+01
   3.800  0.1540E+01  0.9889E+01
   3.820  0.1562E+01  0.9920E+01
   3.840  0.1590E+01  0.9952E+01
   3.860  0.1619E+01  0.9984E+01
   3.880  0.1642E+01  0.1002E+02
   3.900  0.1654E+01  0.1005E+02
   3.920  0.1655E+01  0.1008E+02
   3.940  0.1648E+01  0.1012E+02
   3.960  0.1642E+01  0.1015E+02
   3.980  0.1651E+01  0.1018E+02
   4.000  0.1686E+01  0.1022E+02
   4.020  0.1761E+01  0.1025E+02
   4.040  0.1880E+01  0.1029E+02
   4.060  0.2040E+01  0.1033E+02
   4.080  0.2230E+01  0.1037E+02
   4.100  0.2430E+01  0.1042E+02
   4.120  0.2615E+01  0.1047E+02
   4.140  0.2760E+01  0.1053E+02
   4.160  0.2847E+01  0.1059E+02
   4.180  0.2863E+01  0.1064E+02
   4.200  0.2808E+01  0.1070E+02
   4.220  0.2691E+01  0.1075E+02
   4.240  0.2529E+01  0.1080E+02
   4.260  0.2342E+01  0.1085E+02
   4.280  0.2151E+01  0.1089E+02
   4.300  0.1973E+01  0.1093E+02
   4.320  0.1817E+01  0.1097E+02
   4.340  0.1691E+01  0.1100E+02
   4.360  0.1595E+01  0.1104E+02
   4.380  0.1527E+01  0.1107E+02
   4.400  0.1484E+01  0.1110E+02
   4.420  0.1467E+01  0.1113E+02
   4.440  0.1475E+01  0.1116E+02
   4.460  0.1513E+01  0.1119E+02
   4.480  0.1582E+01  0.1122E+02
   4.500  0.1687E+01  0.1125E+02
   4.520  0.1825E+01  0.1129E+02
   4.540  0.1991E+01  0.1133E+02
   4.560  0.2174E+01  0.1137E+02
   4.580  0.2359E+01  0.1142E+02
   4.600  0.2524E+01  0.1147E+02
   4.620  0.2651E+01  0.1152E+02
   4.640  0.2721E+01  0.1158E+02
   4.660  0.2724E+01  0.1163E+02
   4.680  0.2656E+01  0.1168E+02
   4.700  0.2521E+01  0.1173E+02
   4.720  0.2332E+01  0.1178E+02
   4.740  0.2105E+01  0.1182E+02
   4.760  0.1859E+01  0.1186E+02
   4.780  0.1613E+01  0.1189E+02
   4.800  0.1383E+01  0.1192E+02
   4.820  0.1178E+01  0.1194E+02
   4.840  0.1005E+01  0.1196E+02
   4.860  0.8678E+00  0.1198E+02
   4.880  0.7656E+00  0.1200E+02
   4.900  0.6961E+00  0.1201E+02
   4.920  0.6560E+00  0.1202E+02
   4.940  0.6411E+00  0.1204E+02
   4.960  0.6470E+00  0.1205E+02
   4.980  0.6694E+00  0.1206E+02
   5.000  0.7043E+00  0.1208E+02
   5.020  0.7485E+00  0.1209E+02
   5.040  0.7997E+00  0.1211E+02
   5.060  0.8566E+00  0.1212E+02
   5.080  0.9183E+00  0.1214E+02
   5.100  0.9843E+00  0.1216E+02
   5.120  0.1053E+01  0.1218E+02
   5.140  0.1123E+01  0.1221E+02
   5.160  0.1190E+01  0.1223E+02
   5.180  0.1250E+01  0.1225E+02
   5.200  0.1300E+01  0.1228E+02
   5.220  0.1333E+01  0.1231E+02
   5.240  0.1350E+01  0.1233E+02
   5.260  0.1348E+01  0.1236E+02
   5.280  0.1332E+01  0.1239E+02
   5.300  0.1307E+01  0.1241E+02
   5.320  0.1280E+01  0.1244E+02
   5.340  0.1260E+01  0.1246E+02
   5.360  0.1258E+01  0.1249E+02
   5.380  0.1279E+01  0.1252E+02
   5.400  0.1328E+01  0.1254E+02
   5.420  0.1403E+01  0.1257E+02
   5.440  0.1500E+01  0.1260E+02
   5.460  0.1608E+01  0.1263E+02
   5.480  0.1713E+01  0.1267E+02
   5.500  0.1803E+01  0.1270E+02
   5.520  0.1866E+01  0.1274E+02
   5.540  0.1897E+01  0.1278E+02
   5.560  0.1897E+01  0.1282E+02
   5.580  0.1874E+01  0.1285E+02
   5.600  0.1838E+01  0.1289E+02
   5.620  0.1804E+01  0.1293E+02
   5.640  0.1785E+01  0.1296E+02
   5.660  0.1791E+01  0.1300E+02
   5.680  0.1828E+01  0.1303E+02
   5.700  0.1899E+01  0.1307E+02
   5.720  0.2005E+01  0.1311E+02
   5.740  0.2141E+01  0.1316E+02
   5.760  0.2303E+01  0.1320E+02
   5.780  0.2482E+01  0.1325E+02
   5.800  0.2667E+01  0.1330E+02
   5.820  0.2845E+01  0.1336E+02
   5.840  0.2999E+01  0.1342E+02
   5.860  0.3114E+01  0.1348E+02
   5.880  0.3177E+01  0.1355E+02
   5.900  0.3179E+01  0.1361E+02
   5.920  0.3120E+01  0.1367E+02
   5.940  0.3004E+01  0.1373E+02
   5.960  0.2846E+01  0.1379E+02
   5.980  0.2661E+01  0.1384E+02
   6.000  0.2469E+01  0.1389E+02
   6.020  0.2288E+01  0.1394E+02
   6.040  0.2131E+01  0.1398E+02
   6.060  0.2004E+01  0.1402E+02
   6.080  0.1908E+01  0.1406E+02
   6.100  0.1834E+01  0.1410E+02
   6.120  0.1771E+01  0.1413E+02
   6.140  0.1706E+01  0.1417E+02
   6.160  0.1627E+01  0.1420E+02
   6.180  0.1526E+01  0.1423E+02
   6.200  0.1402E+01  0.1426E+02
   6.220  0.1260E+01  0.1428E+02
   6.240  0.1109E+01  0.1430E+02
   6.260  0.9624E+00  0.1432E+02
   6.280  0.8347E+00  0.1434E+02
   6.300  0.7370E+00  0.1435E+02
   6.320  0.6768E+00  0.1437E+02
   6.340  0.6566E+00  0.1438E+02
   6.360  0.6739E+00  0.1439E+02
   6.380  0.7218E+00  0.1441E+02
   6.400  0.7912E+00  0.1442E+02
   6.420  0.8724E+00  0.1444E+02
   6.440  0.9572E+00  0.1446E+02
   6.460  0.1041E+01  0.1448E+02
   6.480  0.1122E+01  0.1450E+02
   6.500  0.1204E+01  0.1453E+02
   6.520  0.1294E+01  0.1455E+02
   6.540  0.1397E+01  0.1458E+02
   6.560  0.1521E+01  0.1461E+02
   6.580  0.1669E+01  0.1465E+02
   6.600  0.1839E+01  0.1468E+02
   6.620  0.2026E+01  0.1472E+02
   6.640  0.2220E+01  0.1477E+02
   6.660  0.2408E+01  0.1482E+02
   6.680  0.2574E+01  0.1487E+02
   6.700  0.2705E+01  0.1492E+02
   6.720  0.2788E+01  0.1498E+02
   6.740  0.2814E+01  0.1503E+02
   6.760  0.2779E+01  0.1509E+02
   6.780  0.2682E+01  0.1514E+02
   6.800  0.2530E+01  0.1519E+02
   6.820  0.2333E+01  0.1524E+02
   6.840  0.2107E+01  0.1528E+02
   6.860  0.1869E+01  0.1532E+02
   6.880  0.1636E+01  0.1535E+02
   6.900  0.1424E+01  0.1538E+02
   6.920  0.1247E+01  0.1541E+02
   6.940  0.1115E+01  0.1543E+02
   6.960  0.1030E+01  0.1545E+02
   6.980  0.9943E+00  0.1547E+02
   7.000  0.1002E+01  0.1549E+02
   7.020  0.1048E+01  0.1551E+02
   7.040  0.1123E+01  0.1553E+02
   7.060  0.1222E+01  0.1556E+02
   7.080  0.1339E+01  0.1558E+02
   7.100  0.1471E+01  0.1561E+02
   7.120  0.1616E+01  0.1565E+02
   7.140  0.1771E+01  0.1568E+02
   7.160  0.1933E+01  0.1572E+02
   7.180  0.2094E+01  0.1576E+02
   7.200  0.2244E+01  0.1581E+02
   7.220  0.2371E+01  0.1585E+02
   7.240  0.2465E+01  0.1590E+02
   7.260  0.2516E+01  0.1595E+02
   7.280  0.2519E+01  0.1600E+02
   7.300  0.2473E+01  0.1605E+02
   7.320  0.2382E+01  0.1610E+02
   7.340  0.2252E+01  0.1615E+02
   7.360  0.2092E+01  0.1619E+02
   7.380  0.1910E+01  0.1623E+02
   7.400  0.1716E+01  0.1626E+02
   7.420  0.1519E+01  0.1629E+02
   7.440  0.1327E+01  0.1632E+02
   7.460  0.1147E+01  0.1634E+02
   7.480  0.9872E+00  0.1636E+02
   7.500  0.8539E+00  0.1638E+02
   7.520  0.7517E+00  0.1639E+02
   7.540  0.6829E+00  0.1641E+02
   7.560  0.6471E+00  0.1642E+02
   7.580  0.6411E+00  0.1643E+02
   7.600  0.6594E+00  0.1644E+02
   7.620  0.6945E+00  0.1646E+02
   7.640  0.7384E+00  0.1647E+02
   7.660  0.7838E+00  0.1649E+02
   7.680  0.8250E+00  0.1651E+02
   7.700  0.8589E+00  0.1652E+02
   7.720  0.8858E+00  0.1654E+02
   7.740  0.9090E+00  0.1656E+02
   7.760  0.9347E+00  0.1658E+02
   7.780  0.9705E+00  0.1660E+02
   7.800  0.1025E+01  0.1662E+02
   7.820  0.1105E+01  0.1664E+02
   7.840  0.1215E+01  0.1666E+02
   7.860  0.1357E+01  0.1669E+02
   7.880  0.1527E+01  0.1672E+02
   7.900  0.1718E+01  0.1676E+02
   7.920  0.1919E+01  0.1679E+02
   7.940  0.2118E+01  0.1684E+02
   7.960  0.2301E+01  0.1688E+02
   7.980  0.2458E+01  0.1693E+02
   8.000  0.2579E+01  0.1698E+02
   8.020  0.2662E+01  0.1704E+02
   8.040  0.2704E+01  0.1709E+02
   8.060  0.2709E+01  0.1714E+02
   8.080  0.2680E+01  0.1720E+02
   8.100  0.2621E+01  0.1725E+02
   8.120  0.2538E+01  0.1730E+02
   8.140  0.2435E+01  0.1735E+02
   8.160  0.2314E+01  0.1740E+02
   8.180  0.2183E+01  0.1744E+02
   8.200  0.2046E+01  0.1748E+02
   8.220  0.1911E+01  0.1752E+02
   8.240  0.1785E+01  0.1755E+02
   8.260  0.1674E+01  0.1759E+02
   8.280  0.1582E+01  0.1762E+02
   8.300  0.1511E+01  0.1765E+02
   8.320  0.1458E+01  0.1768E+02
   8.340  0.1415E+01  0.1771E+02
   8.360  0.1374E+01  0.1773E+02
   8.380  0.1326E+01  0.1776E+02
   8.400  0.1265E+01  0.1779E+02
   8.420  0.1188E+01  0.1781E+02
   8.440  0.1098E+01  0.1783E+02
   8.460  0.1003E+01  0.1785E+02
   8.480  0.9160E+00  0.1787E+02
   8.500  0.8522E+00  0.1789E+02
   8.520  0.8258E+00  0.1790E+02
   8.540  0.8484E+00  0.1792E+02
   8.560  0.9265E+00  0.1794E+02
   8.580  0.1061E+01  0.1796E+02
   8.600  0.1247E+01  0.1799E+02
   8.620  0.1474E+01  0.1802E+02
   8.640  0.1727E+01  0.1805E+02
   8.660  0.1990E+01  0.1809E+02
   8.680  0.2247E+01  0.1813E+02
   8.700  0.2481E+01  0.1818E+02
   8.720  0.2681E+01  0.1824E+02
   8.740  0.2834E+01  0.1829E+02
   8.760  0.2933E+01  0.1835E+02
   8.780  0.2975E+01  0.1841E+02
   8.800  0.2959E+01  0.1847E+02
   8.820  0.2887E+01  0.1853E+02
   8.840  0.2767E+01  0.1859E+02
   8.860  0.2609E+01  0.1864E+02
   8.880  0.2423E+01  0.1869E+02
   8.900  0.2224E+01  0.1873E+02
   8.920  0.2024E+01  0.1877E+02
   8.940  0.1832E+01  0.1881E+02
   8.960  0.1656E+01  0.1884E+02
   8.980  0.1499E+01  0.1887E+02
   9.000  0.1359E+01  0.1890E+02
   9.020  0.1233E+01  0.1892E+02
   9.040  0.1117E+01  0.1894E+02
   9.060  0.1007E+01  0.1896E+02
   9.080  0.9001E+00  0.1898E+02
   9.100  0.7980E+00  0.1900E+02
   9.120  0.7038E+00  0.1901E+02
   9.140  0.6232E+00  0.1903E+02
   9.160  0.5623E+00  0.1904E+02
   9.180  0.5266E+00  0.1905E+02
   9.200  0.5197E+00  0.1906E+02
   9.220  0.5424E+00  0.1907E+02
   9.240  0.5927E+00  0.1908E+02
   9.260  0.6657E+00  0.1909E+02
   9.280  0.7551E+00  0.1911E+02
   9.300  0.8534E+00  0.1913E+02
   9.320  0.9539E+00  0.1914E+02
   9.340  0.1051E+01  0.1917E+02
   9.360  0.1143E+01  0.1919E+02
   9.380  0.1229E+01  0.1921E+02
   9.400  0.1311E+01  0.1924E+02
   9.420  0.1393E+01  0.1927E+02
   9.440  0.1481E+01  0.1930E+02
   9.460  0.1577E+01  0.1933E+02
   9.480  0.1684E+01  0.1936E+02
   9.500  0.1799E+01  0.1940E+02
   9.520  0.1917E+01  0.1944E+02
   9.540  0.2029E+01  0.1948E+02
   9.560  0.2125E+01  0.1952E+02
   9.580  0.2193E+01  0.1956E+02
   9.600  0.2226E+01  0.1961E+02
   9.620  0.2219E+01  0.1965E+02
   9.640  0.2174E+01  0.1970E+02
   9.660  0.2101E+01  0.1974E+02
   9.680  0.2013E+01  0.1978E+02
   9.700  0.1926E+01  0.1982E+02
   9.720  0.1856E+01  0.1985E+02
   9.740  0.1819E+01  0.1989E+02
   9.760  0.1822E+01  0.1993E+02
   9.780  0.1870E+01  0.1996E+02
   9.800  0.1959E+01  0.2000E+02
   9.820  0.2080E+01  0.2004E+02
   9.840  0.2216E+01  0.2009E+02
   9.860  0.2347E+01  0.2014E+02
   9.880  0.2451E+01  0.2018E+02
   9.900  0.2509E+01  0.2024E+02
   9.920  0.2505E+01  0.2029E+02
   9.940  0.2432E+01  0.2033E+02
   9.960  0.2289E+01  0.2038E+02
   9.980  0.2090E+01  0.2042E+02
  10.000  0.1850E+01  0.2046E+02
  10.020  0.1592E+01  0.2049E+02
  10.040  0.1339E+01  0.2052E+02
  10.060  0.1110E+01  0.2054E+02
  10.080  0.9194E+00  0.2056E+02
  10.100  0.7735E+00  0.2057E+02
  10.120  0.6729E+00  0.2059E+02
  10.140  0.6124E+00  0.2060E+02
  10.160  0.5835E+00  0.2061E+02
  10.180  0.5764E+00  0.2062E+02
  10.200  0.5816E+00  0.2063E+02
  10.220  0.5915E+00  0.2065E+02
  10.240  0.6005E+00  0.2066E+02
  10.260  0.6059E+00  0.2067E+02
  10.280  0.6073E+00  0.2068E+02
  10.300  0.6062E+00  0.2069E+02
  10.320  0.6060E+00  0.2071E+02
  10.340  0.6111E+00  0.2072E+02
  10.360  0.6258E+00  0.2073E+02
  10.380  0.6537E+00  0.2074E+02
  10.400  0.6967E+00  0.2076E+02
  10.420  0.7537E+00  0.2077E+02
  10.440  0.8210E+00  0.2079E+02
  10.460  0.8917E+00  0.2081E+02
  10.480  0.9573E+00  0.2083E+02
  10.500  0.1009E+01  0.2085E+02
  10.520  0.1039E+01  0.2087E+02
  10.540  0.1042E+01  0.2089E+02
  10.560  0.1017E+01  0.2091E+02
  10.580  0.9660E+00  0.2093E+02
  10.600  0.8955E+00  0.2095E+02
  10.620  0.8124E+00  0.2096E+02
  10.640  0.7246E+00  0.2098E+02
  10.660  0.6389E+00  0.2099E+02
  10.680  0.5609E+00  0.2100E+02
  10.700  0.4943E+00  0.2101E+02
  10.720  0.4417E+00  0.2102E+02
  10.740  0.4046E+00  0.2103E+02
  10.760  0.3847E+00  0.2103E+02
  10.780  0.3830E+00  0.2104E+02
  10.800  0.3998E+00  0.2105E+02
  10.820  0.4342E+00  0.2106E+02
  10.840  0.4832E+00  0.2107E+02
  10.860  0.5414E+00  0.2108E+02
  10.880  0.6011E+00  0.2109E+02
  10.900  0.6537E+00  0.2110E+02
  10.920  0.6904E+00  0.2112E+02
  10.940  0.7046E+00  0.2113E+02
  10.960  0.6924E+00  0.2115E+02
  10.980  0.6539E+00  0.2116E+02
  11.000  0.5928E+00  0.2117E+02
  11.020  0.5159E+00  0.2118E+02
  11.040  0.4312E+00  0.2119E+02
  11.060  0.3469E+00  0.2120E+02
  11.080  0.2700E+00  0.2120E+02
  11.100  0.2053E+00  0.2121E+02
  11.120  0.1554E+00  0.2121E+02
  11.140  0.1207E+00  0.2121E+02
  11.160  0.1001E+00  0.2121E+02
  11.180  0.9124E-01  0.2122E+02
  11.200  0.9098E-01  0.2122E+02
  11.220  0.9616E-01  0.2122E+02
  11.240  0.1036E+00  0.2122E+02
  11.260  0.1107E+00  0.2122E+02
  11.280  0.1153E+00  0.2123E+02
  11.300  0.1159E+00  0.2123E+02
  11.320  0.1120E+00  0.2123E+02
  11.340  0.1039E+00  0.2123E+02
  11.360  0.9238E-01  0.2123E+02
  11.380  0.7870E-01  0.2124E+02
  11.400  0.6422E-01  0.2124E+02
  11.420  0.5019E-01  0.2124E+02
  11.440  0.3757E-01  0.2124E+02
  11.460  0.2694E-01  0.2124E+02
  11.480  0.1849E-01  0.2124E+02
  11.500  0.1216E-01  0.2124E+02
  11.520  0.7658E-02  0.2124E+02
  11.540  0.4619E-02  0.2124E+02
  11.560  0.2668E-02  0.2124E+02
  11.580  0.1476E-02  0.2124E+02
  11.600  0.7818E-03  0.2124E+02
  11.620  0.3967E-03  0.2124E+02
  11.640  0.1928E-03  0.2124E+02
  11.660  0.8970E-04  0.2124E+02
  11.680  0.3998E-04  0.2124E+02
  11.700  0.1706E-04  0.2124E+02
  11.720  0.6975E-05  0.2124E+02
  11.740  0.2731E-05  0.2124E+02
  11.760  0.1024E-05  0.2124E+02
  11.780  0.3676E-06  0.2124E+02
  11.800  0.1264E-06  0.2124E+02
  11.820  0.4163E-07  0.2124E+02
  11.840  0.1313E-07  0.2124E+02
  11.860  0.3966E-08  0.2124E+02
  11.880  0.1147E-08  0.2124E+02
  11.900  0.3179E-09  0.2124E+02
  11.920  0.8435E-10  0.2124E+02
  11.940  0.2143E-10  0.2124E+02
  11.960  0.5216E-11  0.2124E+02
  11.980  0.1216E-11  0.2124E+02
  12.000  0.2714E-12  0.2124E+02
  12.020  0.5801E-13  0.2124E+02
  12.040  0.1188E-13  0.2124E+02
  12.060  0.2329E-14  0.2124E+02
  12.080  0.4373E-15  0.2124E+02
  12.100  0.7864E-16  0.2124E+02
  12.120  0.1354E-16  0.2124E+02
  12.140  0.2234E-17  0.2124E+02
  12.160  0.3529E-18  0.2124E+02
  12.180  0.5339E-19  0.2124E+02
  12.200  0.7735E-20  0.2124E+02
  12.220  0.1073E-20  0.2124E+02
  12.240  0.1426E-21  0.2124E+02
  12.260  0.1815E-22  0.2124E+02
  12.280  0.2213E-23  0.2124E+02
  12.300  0.2583E-24  0.2124E+02
  12.320  0.2888E-25  0.2124E+02
  12.340  0.3092E-26  0.2124E+02
  12.360  0.3170E-27  0.2124E+02
  12.380  0.3113E-28  0.2124E+02
  12.400  0.2928E-29  0.2124E+02
  12.420  0.2637E-30  0.2124E+02
  12.440  0.2275E-31  0.2124E+02
  12.460  0.1879E-32  0.2124E+02
  12.480  0.1487E-33  0.2124E+02
  12.500  0.1127E-34  0.2124E+02
  12.520  0.8175E-36  0.2124E+02
  12.540  0.5681E-37  0.2124E+02
  12.560  0.3781E-38  0.2124E+02
  12.580  0.2410E-39  0.2124E+02
  12.600  0.1471E-40  0.2124E+02
  12.620  0.8602E-42  0.2124E+02
  12.640  0.4817E-43  0.2124E+02
  12.660  0.2583E-44  0.2124E+02
  12.680  0.1326E-45  0.2124E+02
  12.700  0.6524E-47  0.2124E+02
  12.720  0.3073E-48  0.2124E+02
  12.740  0.1386E-49  0.2124E+02
  12.760  0.5989E-51  0.2124E+02
  12.780  0.2478E-52  0.2124E+02
  12.800  0.9819E-54  0.2124E+02
  12.820  0.3726E-55  0.2124E+02
  12.840  0.1354E-56  0.2124E+02
  12.860  0.4714E-58  0.2124E+02
  12.880  0.1571E-59  0.2124E+02
  12.900  0.5016E-61  0.2124E+02
  12.920  0.1534E-62  0.2124E+02
  12.940  0.4491E-64  0.2124E+02
  12.960  0.1259E-65  0.2124E+02
  12.980  0.3382E-67  0.2124E+02
  13.000  0.8700E-69  0.2124E+02
  13.020  0.2143E-70  0.2124E+02
  13.040  0.5056E-72  0.2124E+02
  13.060  0.1142E-73  0.2124E+02
  13.080  0.2472E-75  0.2124E+02
  13.100  0.5122E-77  0.2124E+02
  13.120  0.1016E-78  0.2124E+02
  13.140  0.1932E-80  0.2124E+02
  13.160  0.3530E-82  0.2124E+02
  13.180  0.7506E-84  0.2124E+02
  13.200  0.1478E-84  0.2124E+02
  13.220  0.1377E-84  0.2124E+02
  13.240  0.1377E-84  0.2124E+02
  13.260  0.1377E-84  0.2124E+02
  13.280  0.1377E-84  0.2124E+02
  13.300  0.1377E-84  0.2124E+02
  13.320  0.1377E-84  0.2124E+02
  13.340  0.1377E-84  0.2124E+02
  13.360  0.1377E-84  0.2124E+02
  13.380  0.1377E-84  0.2124E+02
  13.400  0.1377E-84  0.2124E+02
  13.420  0.1377E-84  0.2124E+02
  13.440  0.1377E-84  0.2124E+02
  13.460  0.1377E-84  0.2124E+02
  13.480  0.1377E-84  0.2124E+02
  13.500  0.1377E-84  0.2124E+02
  13.520  0.1377E-84  0.2124E+02
  13.540  0.1377E-84  0.2124E+02
  13.560  0.1377E-84  0.2124E+02
  13.580  0.1377E-84  0.2124E+02
  13.600  0.1377E-84  0.2124E+02
  13.620  0.1377E-84  0.2124E+02
  13.640  0.1377E-84  0.2124E+02
  13.660  0.1377E-84  0.2124E+02
  13.680  0.1377E-84  0.2124E+02
  13.700  0.1377E-84  0.2124E+02
  13.720  0.1377E-84  0.2124E+02
  13.740  0.1377E-84  0.2124E+02
  13.760  0.1377E-84  0.2124E+02
  13.780  0.1377E-84  0.2124E+02
  13.800  0.1377E-84  0.2124E+02
  13.820  0.1377E-84  0.2124E+02
  13.840  0.1377E-84  0.2124E+02
  13.860  0.1377E-84  0.2124E+02
  13.880  0.1377E-84  0.2124E+02
  13.900  0.1377E-84  0.2124E+02
  13.920  0.1377E-84  0.2124E+02
  13.940  0.1377E-84  0.2124E+02
  13.960  0.1377E-84  0.2124E+02
  13.980  0.1377E-84  0.2124E+02
  14.000  0.1377E-84  0.2124E+02
  14.020  0.1377E-84  0.2124E+02
  14.040  0.1377E-84  0.2124E+02
  14.060  0.1377E-84  0.2124E+02
  14.080  0.1377E-84  0.2124E+02
  14.100  0.1377E-84  0.2124E+02
  14.120  0.1377E-84  0.2124E+02
  14.140  0.1377E-84  0.2124E+02
  14.160  0.1377E-84  0.2124E+02
  14.180  0.1377E-84  0.2124E+02
  14.200  0.1377E-84  0.2124E+02
  14.220  0.1377E-84  0.2124E+02
  14.240  0.1377E-84  0.2124E+02
  14.260  0.1377E-84  0.2124E+02
  14.280  0.1377E-84  0.2124E+02
  14.300  0.1377E-84  0.2124E+02
  14.320  0.1377E-84  0.2124E+02
  14.340  0.1377E-84  0.2124E+02
  14.360  0.1377E-84  0.2124E+02
  14.380  0.1377E-84  0.2124E+02
  14.400  0.1377E-84  0.2124E+02
  14.420  0.1377E-84  0.2124E+02
  14.440  0.1377E-84  0.2124E+02
  14.460  0.1377E-84  0.2124E+02
  14.480  0.1377E-84  0.2124E+02
  14.500  0.1377E-84  0.2124E+02
  14.520  0.1377E-84  0.2124E+02
  14.540  0.1377E-84  0.2124E+02
  14.560  0.1377E-84  0.2124E+02
  14.580  0.1377E-84  0.2124E+02
  14.600  0.1377E-84  0.2124E+02
  14.620  0.1377E-84  0.2124E+02
  14.640  0.1377E-84  0.2124E+02
  14.660  0.1377E-84  0.2124E+02
  14.680  0.1377E-84  0.2124E+02
  14.700  0.1377E-84  0.2124E+02
  14.720  0.1377E-84  0.2124E+02
  14.740  0.1377E-84  0.2124E+02
  14.760  0.1377E-84  0.2124E+02
  14.780  0.1377E-84  0.2124E+02
  14.800  0.1377E-84  0.2124E+02
  14.820  0.1377E-84  0.2124E+02
  14.840  0.1377E-84  0.2124E+02
  14.860  0.1377E-84  0.2124E+02
  14.880  0.1377E-84  0.2124E+02
  14.900  0.1377E-84  0.2124E+02
  14.920  0.1377E-84  0.2124E+02
  14.940  0.1377E-84  0.2124E+02
  14.960  0.1377E-84  0.2124E+02
  14.980  0.1377E-84  0.2124E+02
  15.000  0.1377E-84  0.2124E+02
