#  E (eV)   dos(E)     Int dos(E) EFermi =    6.318 eV
 -15.000  0.4591E-85  0.9182E-87
 -14.980  0.4591E-85  0.1836E-86
 -14.960  0.4591E-85  0.2755E-86
 -14.940  0.4591E-85  0.3673E-86
 -14.920  0.4591E-85  0.4591E-86
 -14.900  0.4591E-85  0.5509E-86
 -14.880  0.4591E-85  0.6427E-86
 -14.860  0.4591E-85  0.7345E-86
 -14.840  0.4591E-85  0.8264E-86
 -14.820  0.4591E-85  0.9182E-86
 -14.800  0.4591E-85  0.1010E-85
 -14.780  0.4591E-85  0.1102E-85
 -14.760  0.4591E-85  0.1194E-85
 -14.740  0.4591E-85  0.1285E-85
 -14.720  0.4591E-85  0.1377E-85
 -14.700  0.4591E-85  0.1469E-85
 -14.680  0.4591E-85  0.1561E-85
 -14.660  0.4591E-85  0.1653E-85
 -14.640  0.4591E-85  0.1745E-85
 -14.620  0.4591E-85  0.1836E-85
 -14.600  0.4591E-85  0.1928E-85
 -14.580  0.4591E-85  0.2020E-85
 -14.560  0.4591E-85  0.2112E-85
 -14.540  0.4591E-85  0.2204E-85
 -14.520  0.4591E-85  0.2295E-85
 -14.500  0.4591E-85  0.2387E-85
 -14.480  0.4591E-85  0.2479E-85
 -14.460  0.4591E-85  0.2571E-85
 -14.440  0.4591E-85  0.2663E-85
 -14.420  0.4591E-85  0.2755E-85
 -14.400  0.4591E-85  0.2846E-85
 -14.380  0.4591E-85  0.2938E-85
 -14.360  0.4591E-85  0.3030E-85
 -14.340  0.4591E-85  0.3122E-85
 -14.320  0.4591E-85  0.3214E-85
 -14.300  0.4591E-85  0.3305E-85
 -14.280  0.4591E-85  0.3397E-85
 -14.260  0.4591E-85  0.3489E-85
 -14.240  0.4591E-85  0.3581E-85
 -14.220  0.4591E-85  0.3673E-85
 -14.200  0.4591E-85  0.3765E-85
 -14.180  0.4591E-85  0.3856E-85
 -14.160  0.4591E-85  0.3948E-85
 -14.140  0.4591E-85  0.4040E-85
 -14.120  0.4591E-85  0.4132E-85
 -14.100  0.4591E-85  0.4224E-85
 -14.080  0.4591E-85  0.4315E-85
 -14.060  0.4591E-85  0.4407E-85
 -14.040  0.4591E-85  0.4499E-85
 -14.020  0.4591E-85  0.4591E-85
 -14.000  0.4591E-85  0.4683E-85
 -13.980  0.4591E-85  0.4775E-85
 -13.960  0.4591E-85  0.4866E-85
 -13.940  0.4591E-85  0.4958E-85
 -13.920  0.4591E-85  0.5050E-85
 -13.900  0.4591E-85  0.5142E-85
 -13.880  0.4591E-85  0.5234E-85
 -13.860  0.4591E-85  0.5325E-85
 -13.840  0.4591E-85  0.5417E-85
 -13.820  0.4591E-85  0.5509E-85
 -13.800  0.4591E-85  0.5601E-85
 -13.780  0.4591E-85  0.5693E-85
 -13.760  0.4591E-85  0.5785E-85
 -13.740  0.4591E-85  0.5876E-85
 -13.720  0.4591E-85  0.5968E-85
 -13.700  0.4591E-85  0.6060E-85
 -13.680  0.4591E-85  0.6152E-85
 -13.660  0.4591E-85  0.6244E-85
 -13.640  0.4591E-85  0.6335E-85
 -13.620  0.4591E-85  0.6427E-85
 -13.600  0.4591E-85  0.6519E-85
 -13.580  0.4591E-85  0.6611E-85
 -13.560  0.4591E-85  0.6703E-85
 -13.540  0.4591E-85  0.6795E-85
 -13.520  0.4591E-85  0.6886E-85
 -13.500  0.4591E-85  0.6978E-85
 -13.480  0.4591E-85  0.7070E-85
 -13.460  0.4591E-85  0.7162E-85
 -13.440  0.4591E-85  0.7254E-85
 -13.420  0.4591E-85  0.7345E-85
 -13.400  0.4591E-85  0.7437E-85
 -13.380  0.4591E-85  0.7529E-85
 -13.360  0.4591E-85  0.7621E-85
 -13.340  0.4591E-85  0.7713E-85
 -13.320  0.4591E-85  0.7805E-85
 -13.300  0.4591E-85  0.7896E-85
 -13.280  0.4591E-85  0.7988E-85
 -13.260  0.4591E-85  0.8080E-85
 -13.240  0.4591E-85  0.8172E-85
 -13.220  0.4591E-85  0.8264E-85
 -13.200  0.4591E-85  0.8355E-85
 -13.180  0.4591E-85  0.8447E-85
 -13.160  0.4591E-85  0.8539E-85
 -13.140  0.4591E-85  0.8631E-85
 -13.120  0.4591E-85  0.8723E-85
 -13.100  0.4591E-85  0.8815E-85
 -13.080  0.4591E-85  0.8906E-85
 -13.060  0.4591E-85  0.8998E-85
 -13.040  0.4591E-85  0.9090E-85
 -13.020  0.4591E-85  0.9182E-85
 -13.000  0.4591E-85  0.9274E-85
 -12.980  0.4591E-85  0.9365E-85
 -12.960  0.4591E-85  0.9457E-85
 -12.940  0.4591E-85  0.9549E-85
 -12.920  0.4591E-85  0.9641E-85
 -12.900  0.4591E-85  0.9733E-85
 -12.880  0.4591E-85  0.9825E-85
 -12.860  0.4591E-85  0.9916E-85
 -12.840  0.4591E-85  0.1001E-84
 -12.820  0.4591E-85  0.1010E-84
 -12.800  0.4591E-85  0.1019E-84
 -12.780  0.4591E-85  0.1028E-84
 -12.760  0.4591E-85  0.1038E-84
 -12.740  0.4591E-85  0.1047E-84
 -12.720  0.4591E-85  0.1056E-84
 -12.700  0.4591E-85  0.1065E-84
 -12.680  0.4591E-85  0.1074E-84
 -12.660  0.4591E-85  0.1083E-84
 -12.640  0.4591E-85  0.1093E-84
 -12.620  0.4591E-85  0.1102E-84
 -12.600  0.4591E-85  0.1111E-84
 -12.580  0.4591E-85  0.1120E-84
 -12.560  0.4591E-85  0.1129E-84
 -12.540  0.4591E-85  0.1139E-84
 -12.520  0.4591E-85  0.1148E-84
 -12.500  0.4591E-85  0.1157E-84
 -12.480  0.4591E-85  0.1166E-84
 -12.460  0.4591E-85  0.1175E-84
 -12.440  0.4591E-85  0.1184E-84
 -12.420  0.4591E-85  0.1194E-84
 -12.400  0.4591E-85  0.1203E-84
 -12.380  0.4591E-85  0.1212E-84
 -12.360  0.4591E-85  0.1221E-84
 -12.340  0.4591E-85  0.1230E-84
 -12.320  0.4591E-85  0.1240E-84
 -12.300  0.4591E-85  0.1249E-84
 -12.280  0.4591E-85  0.1258E-84
 -12.260  0.4591E-85  0.1267E-84
 -12.240  0.4591E-85  0.1276E-84
 -12.220  0.4591E-85  0.1285E-84
 -12.200  0.4591E-85  0.1295E-84
 -12.180  0.4591E-85  0.1304E-84
 -12.160  0.4591E-85  0.1313E-84
 -12.140  0.4591E-85  0.1322E-84
 -12.120  0.4591E-85  0.1331E-84
 -12.100  0.4591E-85  0.1341E-84
 -12.080  0.4591E-85  0.1350E-84
 -12.060  0.4591E-85  0.1359E-84
 -12.040  0.4591E-85  0.1368E-84
 -12.020  0.4591E-85  0.1377E-84
 -12.000  0.4591E-85  0.1386E-84
 -11.980  0.4591E-85  0.1396E-84
 -11.960  0.4591E-85  0.1405E-84
 -11.940  0.4591E-85  0.1414E-84
 -11.920  0.4591E-85  0.1423E-84
 -11.900  0.4591E-85  0.1432E-84
 -11.880  0.4591E-85  0.1442E-84
 -11.860  0.4591E-85  0.1451E-84
 -11.840  0.4591E-85  0.1460E-84
 -11.820  0.4591E-85  0.1469E-84
 -11.800  0.4591E-85  0.1478E-84
 -11.780  0.4591E-85  0.1487E-84
 -11.760  0.4591E-85  0.1497E-84
 -11.740  0.4591E-85  0.1506E-84
 -11.720  0.4591E-85  0.1515E-84
 -11.700  0.4591E-85  0.1524E-84
 -11.680  0.4591E-85  0.1533E-84
 -11.660  0.4591E-85  0.1543E-84
 -11.640  0.4591E-85  0.1552E-84
 -11.620  0.4591E-85  0.1561E-84
 -11.600  0.4591E-85  0.1570E-84
 -11.580  0.4591E-85  0.1579E-84
 -11.560  0.4591E-85  0.1588E-84
 -11.540  0.4591E-85  0.1598E-84
 -11.520  0.4591E-85  0.1607E-84
 -11.500  0.4591E-85  0.1616E-84
 -11.480  0.4591E-85  0.1625E-84
 -11.460  0.4591E-85  0.1634E-84
 -11.440  0.4591E-85  0.1644E-84
 -11.420  0.4591E-85  0.1653E-84
 -11.400  0.4591E-85  0.1662E-84
 -11.380  0.4591E-85  0.1671E-84
 -11.360  0.4591E-85  0.1680E-84
 -11.340  0.4591E-85  0.1689E-84
 -11.320  0.4591E-85  0.1699E-84
 -11.300  0.4591E-85  0.1708E-84
 -11.280  0.4591E-85  0.1717E-84
 -11.260  0.4591E-85  0.1726E-84
 -11.240  0.4591E-85  0.1735E-84
 -11.220  0.4591E-85  0.1745E-84
 -11.200  0.4591E-85  0.1754E-84
 -11.180  0.4591E-85  0.1763E-84
 -11.160  0.4591E-85  0.1772E-84
 -11.140  0.4591E-85  0.1781E-84
 -11.120  0.4591E-85  0.1790E-84
 -11.100  0.4591E-85  0.1800E-84
 -11.080  0.4591E-85  0.1809E-84
 -11.060  0.4591E-85  0.1818E-84
 -11.040  0.4591E-85  0.1827E-84
 -11.020  0.4591E-85  0.1836E-84
 -11.000  0.4591E-85  0.1846E-84
 -10.980  0.4591E-85  0.1855E-84
 -10.960  0.4591E-85  0.1864E-84
 -10.940  0.4591E-85  0.1873E-84
 -10.920  0.4591E-85  0.1882E-84
 -10.900  0.4591E-85  0.1891E-84
 -10.880  0.4591E-85  0.1901E-84
 -10.860  0.4591E-85  0.1910E-84
 -10.840  0.4591E-85  0.1919E-84
 -10.820  0.4591E-85  0.1928E-84
 -10.800  0.4591E-85  0.1937E-84
 -10.780  0.4591E-85  0.1947E-84
 -10.760  0.4591E-85  0.1956E-84
 -10.740  0.4591E-85  0.1965E-84
 -10.720  0.4591E-85  0.1974E-84
 -10.700  0.4591E-85  0.1983E-84
 -10.680  0.4591E-85  0.1992E-84
 -10.660  0.4591E-85  0.2002E-84
 -10.640  0.4591E-85  0.2011E-84
 -10.620  0.4591E-85  0.2020E-84
 -10.600  0.4591E-85  0.2029E-84
 -10.580  0.4591E-85  0.2038E-84
 -10.560  0.4591E-85  0.2048E-84
 -10.540  0.4591E-85  0.2057E-84
 -10.520  0.4591E-85  0.2066E-84
 -10.500  0.4591E-85  0.2075E-84
 -10.480  0.4591E-85  0.2084E-84
 -10.460  0.4591E-85  0.2093E-84
 -10.440  0.4591E-85  0.2103E-84
 -10.420  0.4591E-85  0.2112E-84
 -10.400  0.4591E-85  0.2121E-84
 -10.380  0.4591E-85  0.2130E-84
 -10.360  0.4591E-85  0.2139E-84
 -10.340  0.4591E-85  0.2149E-84
 -10.320  0.4591E-85  0.2158E-84
 -10.300  0.4591E-85  0.2167E-84
 -10.280  0.4591E-85  0.2176E-84
 -10.260  0.4591E-85  0.2185E-84
 -10.240  0.4591E-85  0.2194E-84
 -10.220  0.4591E-85  0.2204E-84
 -10.200  0.4591E-85  0.2213E-84
 -10.180  0.4591E-85  0.2222E-84
 -10.160  0.4591E-85  0.2231E-84
 -10.140  0.4591E-85  0.2240E-84
 -10.120  0.4591E-85  0.2250E-84
 -10.100  0.4591E-85  0.2259E-84
 -10.080  0.4591E-85  0.2268E-84
 -10.060  0.4591E-85  0.2277E-84
 -10.040  0.4591E-85  0.2286E-84
 -10.020  0.4591E-85  0.2295E-84
 -10.000  0.4591E-85  0.2305E-84
  -9.980  0.4591E-85  0.2314E-84
  -9.960  0.4591E-85  0.2323E-84
  -9.940  0.4591E-85  0.2332E-84
  -9.920  0.4591E-85  0.2341E-84
  -9.900  0.4591E-85  0.2351E-84
  -9.880  0.4591E-85  0.2360E-84
  -9.860  0.4591E-85  0.2369E-84
  -9.840  0.4591E-85  0.2378E-84
  -9.820  0.4591E-85  0.2387E-84
  -9.800  0.4591E-85  0.2396E-84
  -9.780  0.4591E-85  0.2406E-84
  -9.760  0.4591E-85  0.2415E-84
  -9.740  0.4591E-85  0.2424E-84
  -9.720  0.4591E-85  0.2433E-84
  -9.700  0.4591E-85  0.2442E-84
  -9.680  0.4591E-85  0.2452E-84
  -9.660  0.4591E-85  0.2461E-84
  -9.640  0.4591E-85  0.2470E-84
  -9.620  0.4594E-85  0.2479E-84
  -9.600  0.4618E-85  0.2488E-84
  -9.580  0.4810E-85  0.2498E-84
  -9.560  0.6287E-85  0.2511E-84
  -9.540  0.1751E-84  0.2546E-84
  -9.520  0.1018E-83  0.2749E-84
  -9.500  0.7282E-83  0.4206E-84
  -9.480  0.5334E-82  0.1487E-83
  -9.460  0.3883E-81  0.9254E-83
  -9.440  0.2799E-80  0.6523E-82
  -9.420  0.1996E-79  0.4644E-81
  -9.400  0.1408E-78  0.3281E-80
  -9.380  0.9828E-78  0.2294E-79
  -9.360  0.6786E-77  0.1587E-78
  -9.340  0.4636E-76  0.1086E-77
  -9.320  0.3133E-75  0.7351E-77
  -9.300  0.2095E-74  0.4924E-76
  -9.280  0.1385E-73  0.3263E-75
  -9.260  0.9066E-73  0.2140E-74
  -9.240  0.5869E-72  0.1388E-73
  -9.220  0.3759E-71  0.8906E-73
  -9.200  0.2382E-70  0.5654E-72
  -9.180  0.1493E-69  0.3551E-71
  -9.160  0.9259E-69  0.2207E-70
  -9.140  0.5681E-68  0.1357E-69
  -9.120  0.3448E-67  0.8253E-69
  -9.100  0.2071E-66  0.4966E-68
  -9.080  0.1230E-65  0.2957E-67
  -9.060  0.7229E-65  0.1742E-66
  -9.040  0.4204E-64  0.1015E-65
  -9.020  0.2418E-63  0.5851E-65
  -9.000  0.1376E-62  0.3337E-64
  -8.980  0.7748E-62  0.1883E-63
  -8.960  0.4316E-61  0.1051E-62
  -8.940  0.2378E-60  0.5808E-62
  -8.920  0.1297E-59  0.3174E-61
  -8.900  0.6993E-59  0.1716E-60
  -8.880  0.3731E-58  0.9179E-60
  -8.860  0.1970E-57  0.4858E-59
  -8.840  0.1029E-56  0.2543E-58
  -8.820  0.5316E-56  0.1317E-57
  -8.800  0.2717E-55  0.6752E-57
  -8.780  0.1374E-54  0.3423E-56
  -8.760  0.6875E-54  0.1717E-55
  -8.740  0.3403E-53  0.8523E-55
  -8.720  0.1666E-52  0.4185E-54
  -8.700  0.8073E-52  0.2033E-53
  -8.680  0.3870E-51  0.9772E-53
  -8.660  0.1835E-50  0.4647E-52
  -8.640  0.8608E-50  0.2186E-51
  -8.620  0.3995E-49  0.1018E-50
  -8.600  0.1835E-48  0.4687E-50
  -8.580  0.8334E-48  0.2135E-49
  -8.560  0.3745E-47  0.9626E-49
  -8.540  0.1665E-46  0.4293E-48
  -8.520  0.7326E-46  0.1895E-47
  -8.500  0.3188E-45  0.8271E-47
  -8.480  0.1373E-44  0.3573E-46
  -8.460  0.5848E-44  0.1527E-45
  -8.440  0.2464E-43  0.6456E-45
  -8.420  0.1028E-42  0.2701E-44
  -8.400  0.4238E-42  0.1118E-43
  -8.380  0.1730E-41  0.4577E-43
  -8.360  0.6984E-41  0.1854E-42
  -8.340  0.2790E-40  0.7434E-42
  -8.320  0.1102E-39  0.2948E-41
  -8.300  0.4310E-39  0.1157E-40
  -8.280  0.1667E-38  0.4492E-40
  -8.260  0.6381E-38  0.1725E-39
  -8.240  0.2416E-37  0.6557E-39
  -8.220  0.9050E-37  0.2466E-38
  -8.200  0.3354E-36  0.9174E-38
  -8.180  0.1230E-35  0.3377E-37
  -8.160  0.4461E-35  0.1230E-36
  -8.140  0.1601E-34  0.4432E-36
  -8.120  0.5686E-34  0.1580E-35
  -8.100  0.1997E-33  0.5575E-35
  -8.080  0.6942E-33  0.1946E-34
  -8.060  0.2387E-32  0.6720E-34
  -8.040  0.8122E-32  0.2296E-33
  -8.020  0.2734E-31  0.7764E-33
  -8.000  0.9104E-31  0.2597E-32
  -7.980  0.3000E-30  0.8596E-32
  -7.960  0.9778E-30  0.2815E-31
  -7.940  0.3154E-29  0.9122E-31
  -7.920  0.1006E-28  0.2925E-30
  -7.900  0.3177E-28  0.9278E-30
  -7.880  0.9923E-28  0.2912E-29
  -7.860  0.3066E-27  0.9045E-29
  -7.840  0.9376E-27  0.2780E-28
  -7.820  0.2836E-26  0.8452E-28
  -7.800  0.8489E-26  0.2543E-27
  -7.780  0.2514E-25  0.7571E-27
  -7.760  0.7365E-25  0.2230E-26
  -7.740  0.2135E-24  0.6500E-26
  -7.720  0.6124E-24  0.1875E-25
  -7.700  0.1738E-23  0.5350E-25
  -7.680  0.4879E-23  0.1511E-24
  -7.660  0.1355E-22  0.4222E-24
  -7.640  0.3725E-22  0.1167E-23
  -7.620  0.1013E-21  0.3193E-23
  -7.600  0.2726E-21  0.8645E-23
  -7.580  0.7257E-21  0.2316E-22
  -7.560  0.1912E-20  0.6139E-22
  -7.540  0.4982E-20  0.1610E-21
  -7.520  0.1285E-19  0.4180E-21
  -7.500  0.3278E-19  0.1074E-20
  -7.480  0.8275E-19  0.2729E-20
  -7.460  0.2067E-18  0.6863E-20
  -7.440  0.5109E-18  0.1708E-19
  -7.420  0.1249E-17  0.4207E-19
  -7.400  0.3023E-17  0.1025E-18
  -7.380  0.7238E-17  0.2473E-18
  -7.360  0.1715E-16  0.5903E-18
  -7.340  0.4020E-16  0.1394E-17
  -7.320  0.9323E-16  0.3259E-17
  -7.300  0.2140E-15  0.7538E-17
  -7.280  0.4859E-15  0.1726E-16
  -7.260  0.1092E-14  0.3910E-16
  -7.240  0.2428E-14  0.8766E-16
  -7.220  0.5342E-14  0.1945E-15
  -7.200  0.1163E-13  0.4271E-15
  -7.180  0.2506E-13  0.9282E-15
  -7.160  0.5341E-13  0.1996E-14
  -7.140  0.1127E-12  0.4250E-14
  -7.120  0.2352E-12  0.8954E-14
  -7.100  0.4858E-12  0.1867E-13
  -7.080  0.9931E-12  0.3853E-13
  -7.060  0.2009E-11  0.7871E-13
  -7.040  0.4021E-11  0.1591E-12
  -7.020  0.7964E-11  0.3184E-12
  -7.000  0.1561E-10  0.6306E-12
  -6.980  0.3028E-10  0.1236E-11
  -6.960  0.5814E-10  0.2399E-11
  -6.940  0.1104E-09  0.4608E-11
  -6.920  0.2076E-09  0.8761E-11
  -6.900  0.3864E-09  0.1649E-10
  -6.880  0.7115E-09  0.3072E-10
  -6.860  0.1297E-08  0.5665E-10
  -6.840  0.2338E-08  0.1034E-09
  -6.820  0.4174E-08  0.1869E-09
  -6.800  0.7375E-08  0.3344E-09
  -6.780  0.1290E-07  0.5923E-09
  -6.760  0.2232E-07  0.1039E-08
  -6.740  0.3823E-07  0.1803E-08
  -6.720  0.6481E-07  0.3099E-08
  -6.700  0.1088E-06  0.5275E-08
  -6.680  0.1807E-06  0.8888E-08
  -6.660  0.2970E-06  0.1483E-07
  -6.640  0.4834E-06  0.2450E-07
  -6.620  0.7788E-06  0.4007E-07
  -6.600  0.1242E-05  0.6491E-07
  -6.580  0.1961E-05  0.1041E-06
  -6.560  0.3064E-05  0.1654E-06
  -6.540  0.4741E-05  0.2602E-06
  -6.520  0.7263E-05  0.4055E-06
  -6.500  0.1101E-04  0.6258E-06
  -6.480  0.1654E-04  0.9565E-06
  -6.460  0.2458E-04  0.1448E-05
  -6.440  0.3619E-04  0.2172E-05
  -6.420  0.5274E-04  0.3227E-05
  -6.400  0.7612E-04  0.4749E-05
  -6.380  0.1088E-03  0.6925E-05
  -6.360  0.1540E-03  0.1000E-04
  -6.340  0.2158E-03  0.1432E-04
  -6.320  0.2996E-03  0.2031E-04
  -6.300  0.4120E-03  0.2855E-04
  -6.280  0.5611E-03  0.3978E-04
  -6.260  0.7571E-03  0.5492E-04
  -6.240  0.1012E-02  0.7515E-04
  -6.220  0.1340E-02  0.1019E-03
  -6.200  0.1757E-02  0.1371E-03
  -6.180  0.2284E-02  0.1828E-03
  -6.160  0.2942E-02  0.2416E-03
  -6.140  0.3756E-02  0.3168E-03
  -6.120  0.4752E-02  0.4118E-03
  -6.100  0.5959E-02  0.5310E-03
  -6.080  0.7407E-02  0.6791E-03
  -6.060  0.9128E-02  0.8617E-03
  -6.040  0.1115E-01  0.1085E-02
  -6.020  0.1351E-01  0.1355E-02
  -6.000  0.1624E-01  0.1680E-02
  -5.980  0.1936E-01  0.2067E-02
  -5.960  0.2289E-01  0.2525E-02
  -5.940  0.2686E-01  0.3062E-02
  -5.920  0.3127E-01  0.3688E-02
  -5.900  0.3614E-01  0.4410E-02
  -5.880  0.4146E-01  0.5239E-02
  -5.860  0.4722E-01  0.6184E-02
  -5.840  0.5341E-01  0.7252E-02
  -5.820  0.6001E-01  0.8452E-02
  -5.800  0.6698E-01  0.9792E-02
  -5.780  0.7429E-01  0.1128E-01
  -5.760  0.8190E-01  0.1292E-01
  -5.740  0.8977E-01  0.1471E-01
  -5.720  0.9784E-01  0.1667E-01
  -5.700  0.1061E+00  0.1879E-01
  -5.680  0.1144E+00  0.2108E-01
  -5.660  0.1228E+00  0.2353E-01
  -5.640  0.1312E+00  0.2616E-01
  -5.620  0.1396E+00  0.2895E-01
  -5.600  0.1479E+00  0.3191E-01
  -5.580  0.1562E+00  0.3503E-01
  -5.560  0.1643E+00  0.3832E-01
  -5.540  0.1722E+00  0.4176E-01
  -5.520  0.1800E+00  0.4536E-01
  -5.500  0.1876E+00  0.4911E-01
  -5.480  0.1950E+00  0.5301E-01
  -5.460  0.2023E+00  0.5706E-01
  -5.440  0.2093E+00  0.6125E-01
  -5.420  0.2162E+00  0.6557E-01
  -5.400  0.2229E+00  0.7003E-01
  -5.380  0.2294E+00  0.7461E-01
  -5.360  0.2357E+00  0.7933E-01
  -5.340  0.2419E+00  0.8417E-01
  -5.320  0.2480E+00  0.8913E-01
  -5.300  0.2539E+00  0.9420E-01
  -5.280  0.2597E+00  0.9940E-01
  -5.260  0.2654E+00  0.1047E+00
  -5.240  0.2709E+00  0.1101E+00
  -5.220  0.2764E+00  0.1157E+00
  -5.200  0.2818E+00  0.1213E+00
  -5.180  0.2871E+00  0.1270E+00
  -5.160  0.2924E+00  0.1329E+00
  -5.140  0.2975E+00  0.1388E+00
  -5.120  0.3026E+00  0.1449E+00
  -5.100  0.3077E+00  0.1510E+00
  -5.080  0.3127E+00  0.1573E+00
  -5.060  0.3176E+00  0.1636E+00
  -5.040  0.3225E+00  0.1701E+00
  -5.020  0.3274E+00  0.1766E+00
  -5.000  0.3322E+00  0.1833E+00
  -4.980  0.3370E+00  0.1900E+00
  -4.960  0.3418E+00  0.1969E+00
  -4.940  0.3465E+00  0.2038E+00
  -4.920  0.3512E+00  0.2108E+00
  -4.900  0.3559E+00  0.2179E+00
  -4.880  0.3605E+00  0.2251E+00
  -4.860  0.3652E+00  0.2324E+00
  -4.840  0.3698E+00  0.2398E+00
  -4.820  0.3744E+00  0.2473E+00
  -4.800  0.3790E+00  0.2549E+00
  -4.780  0.3836E+00  0.2626E+00
  -4.760  0.3882E+00  0.2703E+00
  -4.740  0.3928E+00  0.2782E+00
  -4.720  0.3974E+00  0.2862E+00
  -4.700  0.4019E+00  0.2942E+00
  -4.680  0.4065E+00  0.3023E+00
  -4.660  0.4111E+00  0.3105E+00
  -4.640  0.4156E+00  0.3189E+00
  -4.620  0.4202E+00  0.3273E+00
  -4.600  0.4248E+00  0.3358E+00
  -4.580  0.4294E+00  0.3443E+00
  -4.560  0.4340E+00  0.3530E+00
  -4.540  0.4387E+00  0.3618E+00
  -4.520  0.4433E+00  0.3707E+00
  -4.500  0.4480E+00  0.3796E+00
  -4.480  0.4527E+00  0.3887E+00
  -4.460  0.4574E+00  0.3978E+00
  -4.440  0.4622E+00  0.4071E+00
  -4.420  0.4670E+00  0.4164E+00
  -4.400  0.4718E+00  0.4258E+00
  -4.380  0.4767E+00  0.4354E+00
  -4.360  0.4816E+00  0.4450E+00
  -4.340  0.4865E+00  0.4547E+00
  -4.320  0.4915E+00  0.4646E+00
  -4.300  0.4965E+00  0.4745E+00
  -4.280  0.5016E+00  0.4845E+00
  -4.260  0.5068E+00  0.4947E+00
  -4.240  0.5121E+00  0.5049E+00
  -4.220  0.5174E+00  0.5153E+00
  -4.200  0.5228E+00  0.5257E+00
  -4.180  0.5283E+00  0.5363E+00
  -4.160  0.5339E+00  0.5470E+00
  -4.140  0.5396E+00  0.5578E+00
  -4.120  0.5455E+00  0.5687E+00
  -4.100  0.5515E+00  0.5797E+00
  -4.080  0.5576E+00  0.5908E+00
  -4.060  0.5639E+00  0.6021E+00
  -4.040  0.5704E+00  0.6135E+00
  -4.020  0.5770E+00  0.6251E+00
  -4.000  0.5839E+00  0.6368E+00
  -3.980  0.5910E+00  0.6486E+00
  -3.960  0.5984E+00  0.6605E+00
  -3.940  0.6060E+00  0.6727E+00
  -3.920  0.6139E+00  0.6849E+00
  -3.900  0.6220E+00  0.6974E+00
  -3.880  0.6305E+00  0.7100E+00
  -3.860  0.6393E+00  0.7228E+00
  -3.840  0.6484E+00  0.7357E+00
  -3.820  0.6577E+00  0.7489E+00
  -3.800  0.6674E+00  0.7622E+00
  -3.780  0.6773E+00  0.7758E+00
  -3.760  0.6874E+00  0.7895E+00
  -3.740  0.6976E+00  0.8035E+00
  -3.720  0.7080E+00  0.8176E+00
  -3.700  0.7184E+00  0.8320E+00
  -3.680  0.7288E+00  0.8466E+00
  -3.660  0.7390E+00  0.8614E+00
  -3.640  0.7491E+00  0.8764E+00
  -3.620  0.7590E+00  0.8915E+00
  -3.600  0.7684E+00  0.9069E+00
  -3.580  0.7774E+00  0.9224E+00
  -3.560  0.7859E+00  0.9382E+00
  -3.540  0.7937E+00  0.9540E+00
  -3.520  0.8008E+00  0.9701E+00
  -3.500  0.8071E+00  0.9862E+00
  -3.480  0.8126E+00  0.1002E+01
  -3.460  0.8171E+00  0.1019E+01
  -3.440  0.8208E+00  0.1035E+01
  -3.420  0.8235E+00  0.1052E+01
  -3.400  0.8253E+00  0.1068E+01
  -3.380  0.8262E+00  0.1085E+01
  -3.360  0.8263E+00  0.1101E+01
  -3.340  0.8255E+00  0.1118E+01
  -3.320  0.8238E+00  0.1134E+01
  -3.300  0.8215E+00  0.1151E+01
  -3.280  0.8185E+00  0.1167E+01
  -3.260  0.8149E+00  0.1183E+01
  -3.240  0.8108E+00  0.1200E+01
  -3.220  0.8061E+00  0.1216E+01
  -3.200  0.8011E+00  0.1232E+01
  -3.180  0.7957E+00  0.1248E+01
  -3.160  0.7899E+00  0.1263E+01
  -3.140  0.7839E+00  0.1279E+01
  -3.120  0.7777E+00  0.1295E+01
  -3.100  0.7712E+00  0.1310E+01
  -3.080  0.7646E+00  0.1325E+01
  -3.060  0.7579E+00  0.1340E+01
  -3.040  0.7511E+00  0.1356E+01
  -3.020  0.7442E+00  0.1370E+01
  -3.000  0.7372E+00  0.1385E+01
  -2.980  0.7302E+00  0.1400E+01
  -2.960  0.7232E+00  0.1414E+01
  -2.940  0.7161E+00  0.1429E+01
  -2.920  0.7090E+00  0.1443E+01
  -2.900  0.7018E+00  0.1457E+01
  -2.880  0.6947E+00  0.1471E+01
  -2.860  0.6875E+00  0.1484E+01
  -2.840  0.6803E+00  0.1498E+01
  -2.820  0.6730E+00  0.1511E+01
  -2.800  0.6658E+00  0.1525E+01
  -2.780  0.6585E+00  0.1538E+01
  -2.760  0.6511E+00  0.1551E+01
  -2.740  0.6438E+00  0.1564E+01
  -2.720  0.6364E+00  0.1577E+01
  -2.700  0.6290E+00  0.1589E+01
  -2.680  0.6216E+00  0.1602E+01
  -2.660  0.6141E+00  0.1614E+01
  -2.640  0.6066E+00  0.1626E+01
  -2.620  0.5990E+00  0.1638E+01
  -2.600  0.5914E+00  0.1650E+01
  -2.580  0.5838E+00  0.1661E+01
  -2.560  0.5761E+00  0.1673E+01
  -2.540  0.5683E+00  0.1684E+01
  -2.520  0.5605E+00  0.1696E+01
  -2.500  0.5527E+00  0.1707E+01
  -2.480  0.5447E+00  0.1718E+01
  -2.460  0.5367E+00  0.1728E+01
  -2.440  0.5286E+00  0.1739E+01
  -2.420  0.5205E+00  0.1749E+01
  -2.400  0.5122E+00  0.1759E+01
  -2.380  0.5039E+00  0.1770E+01
  -2.360  0.4954E+00  0.1779E+01
  -2.340  0.4869E+00  0.1789E+01
  -2.320  0.4782E+00  0.1799E+01
  -2.300  0.4693E+00  0.1808E+01
  -2.280  0.4604E+00  0.1817E+01
  -2.260  0.4513E+00  0.1826E+01
  -2.240  0.4420E+00  0.1835E+01
  -2.220  0.4325E+00  0.1844E+01
  -2.200  0.4229E+00  0.1852E+01
  -2.180  0.4131E+00  0.1861E+01
  -2.160  0.4030E+00  0.1869E+01
  -2.140  0.3928E+00  0.1877E+01
  -2.120  0.3824E+00  0.1884E+01
  -2.100  0.3717E+00  0.1892E+01
  -2.080  0.3609E+00  0.1899E+01
  -2.060  0.3498E+00  0.1906E+01
  -2.040  0.3386E+00  0.1913E+01
  -2.020  0.3271E+00  0.1919E+01
  -2.000  0.3156E+00  0.1925E+01
  -1.980  0.3040E+00  0.1932E+01
  -1.960  0.2923E+00  0.1937E+01
  -1.940  0.2807E+00  0.1943E+01
  -1.920  0.2691E+00  0.1948E+01
  -1.900  0.2578E+00  0.1954E+01
  -1.880  0.2467E+00  0.1958E+01
  -1.860  0.2359E+00  0.1963E+01
  -1.840  0.2257E+00  0.1968E+01
  -1.820  0.2159E+00  0.1972E+01
  -1.800  0.2069E+00  0.1976E+01
  -1.780  0.1986E+00  0.1980E+01
  -1.760  0.1912E+00  0.1984E+01
  -1.740  0.1847E+00  0.1988E+01
  -1.720  0.1792E+00  0.1991E+01
  -1.700  0.1749E+00  0.1995E+01
  -1.680  0.1716E+00  0.1998E+01
  -1.660  0.1696E+00  0.2002E+01
  -1.640  0.1688E+00  0.2005E+01
  -1.620  0.1692E+00  0.2008E+01
  -1.600  0.1708E+00  0.2012E+01
  -1.580  0.1737E+00  0.2015E+01
  -1.560  0.1777E+00  0.2019E+01
  -1.540  0.1828E+00  0.2022E+01
  -1.520  0.1889E+00  0.2026E+01
  -1.500  0.1960E+00  0.2030E+01
  -1.480  0.2040E+00  0.2034E+01
  -1.460  0.2129E+00  0.2038E+01
  -1.440  0.2225E+00  0.2043E+01
  -1.420  0.2327E+00  0.2048E+01
  -1.400  0.2436E+00  0.2052E+01
  -1.380  0.2551E+00  0.2058E+01
  -1.360  0.2671E+00  0.2063E+01
  -1.340  0.2796E+00  0.2068E+01
  -1.320  0.2927E+00  0.2074E+01
  -1.300  0.3062E+00  0.2080E+01
  -1.280  0.3204E+00  0.2087E+01
  -1.260  0.3352E+00  0.2094E+01
  -1.240  0.3506E+00  0.2101E+01
  -1.220  0.3669E+00  0.2108E+01
  -1.200  0.3841E+00  0.2116E+01
  -1.180  0.4022E+00  0.2124E+01
  -1.160  0.4215E+00  0.2132E+01
  -1.140  0.4420E+00  0.2141E+01
  -1.120  0.4638E+00  0.2150E+01
  -1.100  0.4871E+00  0.2160E+01
  -1.080  0.5120E+00  0.2170E+01
  -1.060  0.5384E+00  0.2181E+01
  -1.040  0.5665E+00  0.2192E+01
  -1.020  0.5962E+00  0.2204E+01
  -1.000  0.6275E+00  0.2217E+01
  -0.980  0.6603E+00  0.2230E+01
  -0.960  0.6944E+00  0.2244E+01
  -0.940  0.7294E+00  0.2258E+01
  -0.920  0.7652E+00  0.2274E+01
  -0.900  0.8013E+00  0.2290E+01
  -0.880  0.8373E+00  0.2306E+01
  -0.860  0.8727E+00  0.2324E+01
  -0.840  0.9070E+00  0.2342E+01
  -0.820  0.9397E+00  0.2361E+01
  -0.800  0.9703E+00  0.2380E+01
  -0.780  0.9982E+00  0.2400E+01
  -0.760  0.1023E+01  0.2421E+01
  -0.740  0.1044E+01  0.2442E+01
  -0.720  0.1062E+01  0.2463E+01
  -0.700  0.1076E+01  0.2484E+01
  -0.680  0.1085E+01  0.2506E+01
  -0.660  0.1090E+01  0.2528E+01
  -0.640  0.1091E+01  0.2550E+01
  -0.620  0.1088E+01  0.2571E+01
  -0.600  0.1082E+01  0.2593E+01
  -0.580  0.1072E+01  0.2614E+01
  -0.560  0.1058E+01  0.2636E+01
  -0.540  0.1042E+01  0.2656E+01
  -0.520  0.1024E+01  0.2677E+01
  -0.500  0.1004E+01  0.2697E+01
  -0.480  0.9830E+00  0.2717E+01
  -0.460  0.9606E+00  0.2736E+01
  -0.440  0.9376E+00  0.2755E+01
  -0.420  0.9144E+00  0.2773E+01
  -0.400  0.8912E+00  0.2791E+01
  -0.380  0.8683E+00  0.2808E+01
  -0.360  0.8460E+00  0.2825E+01
  -0.340  0.8243E+00  0.2842E+01
  -0.320  0.8034E+00  0.2858E+01
  -0.300  0.7835E+00  0.2873E+01
  -0.280  0.7645E+00  0.2889E+01
  -0.260  0.7464E+00  0.2904E+01
  -0.240  0.7293E+00  0.2918E+01
  -0.220  0.7131E+00  0.2932E+01
  -0.200  0.6978E+00  0.2946E+01
  -0.180  0.6833E+00  0.2960E+01
  -0.160  0.6695E+00  0.2973E+01
  -0.140  0.6565E+00  0.2987E+01
  -0.120  0.6441E+00  0.2999E+01
  -0.100  0.6324E+00  0.3012E+01
  -0.080  0.6211E+00  0.3024E+01
  -0.060  0.6104E+00  0.3037E+01
  -0.040  0.6001E+00  0.3049E+01
  -0.020  0.5903E+00  0.3060E+01
   0.000  0.5809E+00  0.3072E+01
   0.020  0.5718E+00  0.3084E+01
   0.040  0.5630E+00  0.3095E+01
   0.060  0.5546E+00  0.3106E+01
   0.080  0.5464E+00  0.3117E+01
   0.100  0.5385E+00  0.3128E+01
   0.120  0.5308E+00  0.3138E+01
   0.140  0.5233E+00  0.3149E+01
   0.160  0.5160E+00  0.3159E+01
   0.180  0.5090E+00  0.3169E+01
   0.200  0.5020E+00  0.3179E+01
   0.220  0.4953E+00  0.3189E+01
   0.240  0.4887E+00  0.3199E+01
   0.260  0.4823E+00  0.3209E+01
   0.280  0.4760E+00  0.3218E+01
   0.300  0.4699E+00  0.3227E+01
   0.320  0.4639E+00  0.3237E+01
   0.340  0.4581E+00  0.3246E+01
   0.360  0.4524E+00  0.3255E+01
   0.380  0.4468E+00  0.3264E+01
   0.400  0.4414E+00  0.3273E+01
   0.420  0.4360E+00  0.3281E+01
   0.440  0.4308E+00  0.3290E+01
   0.460  0.4256E+00  0.3299E+01
   0.480  0.4205E+00  0.3307E+01
   0.500  0.4155E+00  0.3315E+01
   0.520  0.4106E+00  0.3323E+01
   0.540  0.4057E+00  0.3332E+01
   0.560  0.4008E+00  0.3340E+01
   0.580  0.3961E+00  0.3348E+01
   0.600  0.3914E+00  0.3355E+01
   0.620  0.3868E+00  0.3363E+01
   0.640  0.3823E+00  0.3371E+01
   0.660  0.3779E+00  0.3378E+01
   0.680  0.3736E+00  0.3386E+01
   0.700  0.3694E+00  0.3393E+01
   0.720  0.3653E+00  0.3400E+01
   0.740  0.3613E+00  0.3408E+01
   0.760  0.3574E+00  0.3415E+01
   0.780  0.3535E+00  0.3422E+01
   0.800  0.3497E+00  0.3429E+01
   0.820  0.3459E+00  0.3436E+01
   0.840  0.3421E+00  0.3443E+01
   0.860  0.3384E+00  0.3449E+01
   0.880  0.3346E+00  0.3456E+01
   0.900  0.3309E+00  0.3463E+01
   0.920  0.3272E+00  0.3469E+01
   0.940  0.3235E+00  0.3476E+01
   0.960  0.3198E+00  0.3482E+01
   0.980  0.3161E+00  0.3488E+01
   1.000  0.3126E+00  0.3495E+01
   1.020  0.3091E+00  0.3501E+01
   1.040  0.3056E+00  0.3507E+01
   1.060  0.3023E+00  0.3513E+01
   1.080  0.2992E+00  0.3519E+01
   1.100  0.2961E+00  0.3525E+01
   1.120  0.2932E+00  0.3531E+01
   1.140  0.2904E+00  0.3537E+01
   1.160  0.2877E+00  0.3542E+01
   1.180  0.2852E+00  0.3548E+01
   1.200  0.2828E+00  0.3554E+01
   1.220  0.2806E+00  0.3559E+01
   1.240  0.2786E+00  0.3565E+01
   1.260  0.2768E+00  0.3570E+01
   1.280  0.2752E+00  0.3576E+01
   1.300  0.2740E+00  0.3581E+01
   1.320  0.2733E+00  0.3587E+01
   1.340  0.2730E+00  0.3592E+01
   1.360  0.2734E+00  0.3598E+01
   1.380  0.2746E+00  0.3603E+01
   1.400  0.2767E+00  0.3609E+01
   1.420  0.2799E+00  0.3614E+01
   1.440  0.2844E+00  0.3620E+01
   1.460  0.2903E+00  0.3626E+01
   1.480  0.2979E+00  0.3632E+01
   1.500  0.3072E+00  0.3638E+01
   1.520  0.3184E+00  0.3644E+01
   1.540  0.3316E+00  0.3651E+01
   1.560  0.3470E+00  0.3658E+01
   1.580  0.3645E+00  0.3665E+01
   1.600  0.3843E+00  0.3673E+01
   1.620  0.4063E+00  0.3681E+01
   1.640  0.4305E+00  0.3690E+01
   1.660  0.4568E+00  0.3699E+01
   1.680  0.4850E+00  0.3709E+01
   1.700  0.5151E+00  0.3719E+01
   1.720  0.5467E+00  0.3730E+01
   1.740  0.5797E+00  0.3741E+01
   1.760  0.6138E+00  0.3754E+01
   1.780  0.6487E+00  0.3767E+01
   1.800  0.6840E+00  0.3780E+01
   1.820  0.7195E+00  0.3795E+01
   1.840  0.7548E+00  0.3810E+01
   1.860  0.7896E+00  0.3826E+01
   1.880  0.8234E+00  0.3842E+01
   1.900  0.8561E+00  0.3859E+01
   1.920  0.8873E+00  0.3877E+01
   1.940  0.9168E+00  0.3895E+01
   1.960  0.9442E+00  0.3914E+01
   1.980  0.9695E+00  0.3934E+01
   2.000  0.9925E+00  0.3953E+01
   2.020  0.1013E+01  0.3974E+01
   2.040  0.1031E+01  0.3994E+01
   2.060  0.1047E+01  0.4015E+01
   2.080  0.1060E+01  0.4036E+01
   2.100  0.1070E+01  0.4058E+01
   2.120  0.1079E+01  0.4079E+01
   2.140  0.1085E+01  0.4101E+01
   2.160  0.1089E+01  0.4123E+01
   2.180  0.1092E+01  0.4145E+01
   2.200  0.1093E+01  0.4167E+01
   2.220  0.1093E+01  0.4188E+01
   2.240  0.1091E+01  0.4210E+01
   2.260  0.1089E+01  0.4232E+01
   2.280  0.1087E+01  0.4254E+01
   2.300  0.1083E+01  0.4275E+01
   2.320  0.1080E+01  0.4297E+01
   2.340  0.1077E+01  0.4319E+01
   2.360  0.1074E+01  0.4340E+01
   2.380  0.1071E+01  0.4361E+01
   2.400  0.1068E+01  0.4383E+01
   2.420  0.1066E+01  0.4404E+01
   2.440  0.1065E+01  0.4425E+01
   2.460  0.1064E+01  0.4447E+01
   2.480  0.1064E+01  0.4468E+01
   2.500  0.1065E+01  0.4489E+01
   2.520  0.1066E+01  0.4511E+01
   2.540  0.1068E+01  0.4532E+01
   2.560  0.1070E+01  0.4553E+01
   2.580  0.1073E+01  0.4575E+01
   2.600  0.1077E+01  0.4596E+01
   2.620  0.1080E+01  0.4618E+01
   2.640  0.1085E+01  0.4640E+01
   2.660  0.1089E+01  0.4662E+01
   2.680  0.1094E+01  0.4683E+01
   2.700  0.1100E+01  0.4705E+01
   2.720  0.1105E+01  0.4728E+01
   2.740  0.1112E+01  0.4750E+01
   2.760  0.1119E+01  0.4772E+01
   2.780  0.1126E+01  0.4795E+01
   2.800  0.1134E+01  0.4817E+01
   2.820  0.1142E+01  0.4840E+01
   2.840  0.1152E+01  0.4863E+01
   2.860  0.1162E+01  0.4886E+01
   2.880  0.1173E+01  0.4910E+01
   2.900  0.1184E+01  0.4934E+01
   2.920  0.1196E+01  0.4958E+01
   2.940  0.1209E+01  0.4982E+01
   2.960  0.1223E+01  0.5006E+01
   2.980  0.1237E+01  0.5031E+01
   3.000  0.1251E+01  0.5056E+01
   3.020  0.1266E+01  0.5081E+01
   3.040  0.1281E+01  0.5107E+01
   3.060  0.1296E+01  0.5133E+01
   3.080  0.1312E+01  0.5159E+01
   3.100  0.1327E+01  0.5186E+01
   3.120  0.1342E+01  0.5212E+01
   3.140  0.1357E+01  0.5239E+01
   3.160  0.1371E+01  0.5267E+01
   3.180  0.1385E+01  0.5295E+01
   3.200  0.1398E+01  0.5323E+01
   3.220  0.1410E+01  0.5351E+01
   3.240  0.1421E+01  0.5379E+01
   3.260  0.1432E+01  0.5408E+01
   3.280  0.1441E+01  0.5437E+01
   3.300  0.1450E+01  0.5466E+01
   3.320  0.1457E+01  0.5495E+01
   3.340  0.1463E+01  0.5524E+01
   3.360  0.1468E+01  0.5553E+01
   3.380  0.1471E+01  0.5583E+01
   3.400  0.1474E+01  0.5612E+01
   3.420  0.1475E+01  0.5642E+01
   3.440  0.1476E+01  0.5671E+01
   3.460  0.1475E+01  0.5701E+01
   3.480  0.1474E+01  0.5730E+01
   3.500  0.1471E+01  0.5760E+01
   3.520  0.1469E+01  0.5789E+01
   3.540  0.1465E+01  0.5818E+01
   3.560  0.1462E+01  0.5848E+01
   3.580  0.1457E+01  0.5877E+01
   3.600  0.1453E+01  0.5906E+01
   3.620  0.1449E+01  0.5935E+01
   3.640  0.1444E+01  0.5964E+01
   3.660  0.1439E+01  0.5992E+01
   3.680  0.1435E+01  0.6021E+01
   3.700  0.1430E+01  0.6050E+01
   3.720  0.1425E+01  0.6078E+01
   3.740  0.1420E+01  0.6107E+01
   3.760  0.1415E+01  0.6135E+01
   3.780  0.1410E+01  0.6163E+01
   3.800  0.1404E+01  0.6191E+01
   3.820  0.1399E+01  0.6219E+01
   3.840  0.1393E+01  0.6247E+01
   3.860  0.1388E+01  0.6275E+01
   3.880  0.1382E+01  0.6302E+01
   3.900  0.1376E+01  0.6330E+01
   3.920  0.1370E+01  0.6357E+01
   3.940  0.1364E+01  0.6385E+01
   3.960  0.1358E+01  0.6412E+01
   3.980  0.1351E+01  0.6439E+01
   4.000  0.1345E+01  0.6466E+01
   4.020  0.1339E+01  0.6493E+01
   4.040  0.1333E+01  0.6519E+01
   4.060  0.1328E+01  0.6546E+01
   4.080  0.1322E+01  0.6572E+01
   4.100  0.1317E+01  0.6599E+01
   4.120  0.1311E+01  0.6625E+01
   4.140  0.1306E+01  0.6651E+01
   4.160  0.1301E+01  0.6677E+01
   4.180  0.1296E+01  0.6703E+01
   4.200  0.1292E+01  0.6729E+01
   4.220  0.1287E+01  0.6754E+01
   4.240  0.1282E+01  0.6780E+01
   4.260  0.1278E+01  0.6806E+01
   4.280  0.1273E+01  0.6831E+01
   4.300  0.1268E+01  0.6856E+01
   4.320  0.1263E+01  0.6882E+01
   4.340  0.1257E+01  0.6907E+01
   4.360  0.1252E+01  0.6932E+01
   4.380  0.1246E+01  0.6957E+01
   4.400  0.1240E+01  0.6982E+01
   4.420  0.1233E+01  0.7006E+01
   4.440  0.1227E+01  0.7031E+01
   4.460  0.1220E+01  0.7055E+01
   4.480  0.1212E+01  0.7079E+01
   4.500  0.1204E+01  0.7103E+01
   4.520  0.1196E+01  0.7127E+01
   4.540  0.1188E+01  0.7151E+01
   4.560  0.1179E+01  0.7175E+01
   4.580  0.1169E+01  0.7198E+01
   4.600  0.1159E+01  0.7221E+01
   4.620  0.1149E+01  0.7244E+01
   4.640  0.1137E+01  0.7267E+01
   4.660  0.1125E+01  0.7290E+01
   4.680  0.1112E+01  0.7312E+01
   4.700  0.1098E+01  0.7334E+01
   4.720  0.1083E+01  0.7355E+01
   4.740  0.1068E+01  0.7377E+01
   4.760  0.1051E+01  0.7398E+01
   4.780  0.1033E+01  0.7418E+01
   4.800  0.1014E+01  0.7439E+01
   4.820  0.9937E+00  0.7459E+01
   4.840  0.9728E+00  0.7478E+01
   4.860  0.9511E+00  0.7497E+01
   4.880  0.9286E+00  0.7516E+01
   4.900  0.9055E+00  0.7534E+01
   4.920  0.8820E+00  0.7551E+01
   4.940  0.8581E+00  0.7569E+01
   4.960  0.8341E+00  0.7585E+01
   4.980  0.8100E+00  0.7601E+01
   5.000  0.7861E+00  0.7617E+01
   5.020  0.7624E+00  0.7632E+01
   5.040  0.7391E+00  0.7647E+01
   5.060  0.7164E+00  0.7661E+01
   5.080  0.6941E+00  0.7675E+01
   5.100  0.6726E+00  0.7689E+01
   5.120  0.6517E+00  0.7702E+01
   5.140  0.6315E+00  0.7714E+01
   5.160  0.6120E+00  0.7727E+01
   5.180  0.5933E+00  0.7739E+01
   5.200  0.5752E+00  0.7750E+01
   5.220  0.5578E+00  0.7761E+01
   5.240  0.5410E+00  0.7772E+01
   5.260  0.5248E+00  0.7783E+01
   5.280  0.5091E+00  0.7793E+01
   5.300  0.4939E+00  0.7803E+01
   5.320  0.4790E+00  0.7812E+01
   5.340  0.4646E+00  0.7822E+01
   5.360  0.4505E+00  0.7831E+01
   5.380  0.4367E+00  0.7839E+01
   5.400  0.4231E+00  0.7848E+01
   5.420  0.4097E+00  0.7856E+01
   5.440  0.3966E+00  0.7864E+01
   5.460  0.3836E+00  0.7872E+01
   5.480  0.3708E+00  0.7879E+01
   5.500  0.3582E+00  0.7886E+01
   5.520  0.3458E+00  0.7893E+01
   5.540  0.3335E+00  0.7900E+01
   5.560  0.3213E+00  0.7906E+01
   5.580  0.3093E+00  0.7912E+01
   5.600  0.2974E+00  0.7918E+01
   5.620  0.2856E+00  0.7924E+01
   5.640  0.2740E+00  0.7929E+01
   5.660  0.2624E+00  0.7935E+01
   5.680  0.2509E+00  0.7940E+01
   5.700  0.2395E+00  0.7944E+01
   5.720  0.2282E+00  0.7949E+01
   5.740  0.2169E+00  0.7953E+01
   5.760  0.2056E+00  0.7957E+01
   5.780  0.1943E+00  0.7961E+01
   5.800  0.1832E+00  0.7965E+01
   5.820  0.1720E+00  0.7968E+01
   5.840  0.1610E+00  0.7972E+01
   5.860  0.1501E+00  0.7975E+01
   5.880  0.1393E+00  0.7977E+01
   5.900  0.1287E+00  0.7980E+01
   5.920  0.1183E+00  0.7982E+01
   5.940  0.1082E+00  0.7985E+01
   5.960  0.9847E-01  0.7987E+01
   5.980  0.8910E-01  0.7988E+01
   6.000  0.8015E-01  0.7990E+01
   6.020  0.7168E-01  0.7991E+01
   6.040  0.6371E-01  0.7993E+01
   6.060  0.5628E-01  0.7994E+01
   6.080  0.4942E-01  0.7995E+01
   6.100  0.4313E-01  0.7996E+01
   6.120  0.3743E-01  0.7996E+01
   6.140  0.3233E-01  0.7997E+01
   6.160  0.2781E-01  0.7998E+01
   6.180  0.2387E-01  0.7998E+01
   6.200  0.2051E-01  0.7998E+01
   6.220  0.1771E-01  0.7999E+01
   6.240  0.1546E-01  0.7999E+01
   6.260  0.1374E-01  0.7999E+01
   6.280  0.1255E-01  0.8000E+01
   6.300  0.1188E-01  0.8000E+01
   6.320  0.1174E-01  0.8000E+01
   6.340  0.1212E-01  0.8000E+01
   6.360  0.1304E-01  0.8001E+01
   6.380  0.1451E-01  0.8001E+01
   6.400  0.1656E-01  0.8001E+01
   6.420  0.1920E-01  0.8002E+01
   6.440  0.2246E-01  0.8002E+01
   6.460  0.2638E-01  0.8003E+01
   6.480  0.3097E-01  0.8003E+01
   6.500  0.3627E-01  0.8004E+01
   6.520  0.4230E-01  0.8005E+01
   6.540  0.4908E-01  0.8006E+01
   6.560  0.5662E-01  0.8007E+01
   6.580  0.6493E-01  0.8008E+01
   6.600  0.7400E-01  0.8010E+01
   6.620  0.8382E-01  0.8011E+01
   6.640  0.9437E-01  0.8013E+01
   6.660  0.1056E+00  0.8015E+01
   6.680  0.1175E+00  0.8018E+01
   6.700  0.1300E+00  0.8020E+01
   6.720  0.1430E+00  0.8023E+01
   6.740  0.1565E+00  0.8026E+01
   6.760  0.1704E+00  0.8030E+01
   6.780  0.1846E+00  0.8033E+01
   6.800  0.1991E+00  0.8037E+01
   6.820  0.2137E+00  0.8042E+01
   6.840  0.2283E+00  0.8046E+01
   6.860  0.2430E+00  0.8051E+01
   6.880  0.2577E+00  0.8056E+01
   6.900  0.2722E+00  0.8062E+01
   6.920  0.2866E+00  0.8067E+01
   6.940  0.3007E+00  0.8073E+01
   6.960  0.3147E+00  0.8080E+01
   6.980  0.3284E+00  0.8086E+01
   7.000  0.3419E+00  0.8093E+01
   7.020  0.3552E+00  0.8100E+01
   7.040  0.3683E+00  0.8108E+01
   7.060  0.3813E+00  0.8115E+01
   7.080  0.3941E+00  0.8123E+01
   7.100  0.4069E+00  0.8131E+01
   7.120  0.4197E+00  0.8140E+01
   7.140  0.4326E+00  0.8148E+01
   7.160  0.4455E+00  0.8157E+01
   7.180  0.4585E+00  0.8166E+01
   7.200  0.4717E+00  0.8176E+01
   7.220  0.4851E+00  0.8186E+01
   7.240  0.4986E+00  0.8195E+01
   7.260  0.5124E+00  0.8206E+01
   7.280  0.5264E+00  0.8216E+01
   7.300  0.5405E+00  0.8227E+01
   7.320  0.5549E+00  0.8238E+01
   7.340  0.5693E+00  0.8250E+01
   7.360  0.5839E+00  0.8261E+01
   7.380  0.5986E+00  0.8273E+01
   7.400  0.6134E+00  0.8285E+01
   7.420  0.6283E+00  0.8298E+01
   7.440  0.6432E+00  0.8311E+01
   7.460  0.6582E+00  0.8324E+01
   7.480  0.6732E+00  0.8338E+01
   7.500  0.6884E+00  0.8351E+01
   7.520  0.7037E+00  0.8365E+01
   7.540  0.7192E+00  0.8380E+01
   7.560  0.7350E+00  0.8394E+01
   7.580  0.7510E+00  0.8409E+01
   7.600  0.7675E+00  0.8425E+01
   7.620  0.7844E+00  0.8441E+01
   7.640  0.8018E+00  0.8457E+01
   7.660  0.8198E+00  0.8473E+01
   7.680  0.8385E+00  0.8490E+01
   7.700  0.8580E+00  0.8507E+01
   7.720  0.8782E+00  0.8524E+01
   7.740  0.8993E+00  0.8542E+01
   7.760  0.9213E+00  0.8561E+01
   7.780  0.9441E+00  0.8580E+01
   7.800  0.9677E+00  0.8599E+01
   7.820  0.9921E+00  0.8619E+01
   7.840  0.1017E+01  0.8639E+01
   7.860  0.1043E+01  0.8660E+01
   7.880  0.1070E+01  0.8682E+01
   7.900  0.1097E+01  0.8703E+01
   7.920  0.1124E+01  0.8726E+01
   7.940  0.1151E+01  0.8749E+01
   7.960  0.1179E+01  0.8773E+01
   7.980  0.1206E+01  0.8797E+01
   8.000  0.1233E+01  0.8821E+01
   8.020  0.1259E+01  0.8847E+01
   8.040  0.1285E+01  0.8872E+01
   8.060  0.1310E+01  0.8898E+01
   8.080  0.1333E+01  0.8925E+01
   8.100  0.1356E+01  0.8952E+01
   8.120  0.1377E+01  0.8980E+01
   8.140  0.1396E+01  0.9008E+01
   8.160  0.1414E+01  0.9036E+01
   8.180  0.1429E+01  0.9065E+01
   8.200  0.1443E+01  0.9093E+01
   8.220  0.1455E+01  0.9122E+01
   8.240  0.1465E+01  0.9152E+01
   8.260  0.1472E+01  0.9181E+01
   8.280  0.1478E+01  0.9211E+01
   8.300  0.1481E+01  0.9240E+01
   8.320  0.1483E+01  0.9270E+01
   8.340  0.1483E+01  0.9300E+01
   8.360  0.1481E+01  0.9329E+01
   8.380  0.1477E+01  0.9359E+01
   8.400  0.1473E+01  0.9388E+01
   8.420  0.1466E+01  0.9418E+01
   8.440  0.1459E+01  0.9447E+01
   8.460  0.1451E+01  0.9476E+01
   8.480  0.1442E+01  0.9505E+01
   8.500  0.1431E+01  0.9533E+01
   8.520  0.1420E+01  0.9562E+01
   8.540  0.1409E+01  0.9590E+01
   8.560  0.1396E+01  0.9618E+01
   8.580  0.1383E+01  0.9645E+01
   8.600  0.1370E+01  0.9673E+01
   8.620  0.1356E+01  0.9700E+01
   8.640  0.1341E+01  0.9727E+01
   8.660  0.1327E+01  0.9753E+01
   8.680  0.1312E+01  0.9780E+01
   8.700  0.1297E+01  0.9806E+01
   8.720  0.1282E+01  0.9831E+01
   8.740  0.1268E+01  0.9857E+01
   8.760  0.1255E+01  0.9882E+01
   8.780  0.1242E+01  0.9906E+01
   8.800  0.1231E+01  0.9931E+01
   8.820  0.1221E+01  0.9956E+01
   8.840  0.1213E+01  0.9980E+01
   8.860  0.1207E+01  0.1000E+02
   8.880  0.1203E+01  0.1003E+02
   8.900  0.1202E+01  0.1005E+02
   8.920  0.1203E+01  0.1008E+02
   8.940  0.1207E+01  0.1010E+02
   8.960  0.1215E+01  0.1012E+02
   8.980  0.1226E+01  0.1015E+02
   9.000  0.1240E+01  0.1017E+02
   9.020  0.1259E+01  0.1020E+02
   9.040  0.1280E+01  0.1022E+02
   9.060  0.1306E+01  0.1025E+02
   9.080  0.1334E+01  0.1028E+02
   9.100  0.1366E+01  0.1030E+02
   9.120  0.1401E+01  0.1033E+02
   9.140  0.1438E+01  0.1036E+02
   9.160  0.1477E+01  0.1039E+02
   9.180  0.1517E+01  0.1042E+02
   9.200  0.1558E+01  0.1045E+02
   9.220  0.1599E+01  0.1048E+02
   9.240  0.1639E+01  0.1052E+02
   9.260  0.1677E+01  0.1055E+02
   9.280  0.1713E+01  0.1059E+02
   9.300  0.1747E+01  0.1062E+02
   9.320  0.1777E+01  0.1066E+02
   9.340  0.1803E+01  0.1069E+02
   9.360  0.1825E+01  0.1073E+02
   9.380  0.1842E+01  0.1076E+02
   9.400  0.1855E+01  0.1080E+02
   9.420  0.1864E+01  0.1084E+02
   9.440  0.1868E+01  0.1088E+02
   9.460  0.1868E+01  0.1091E+02
   9.480  0.1864E+01  0.1095E+02
   9.500  0.1857E+01  0.1099E+02
   9.520  0.1846E+01  0.1103E+02
   9.540  0.1833E+01  0.1106E+02
   9.560  0.1817E+01  0.1110E+02
   9.580  0.1799E+01  0.1113E+02
   9.600  0.1780E+01  0.1117E+02
   9.620  0.1760E+01  0.1121E+02
   9.640  0.1739E+01  0.1124E+02
   9.660  0.1717E+01  0.1127E+02
   9.680  0.1694E+01  0.1131E+02
   9.700  0.1672E+01  0.1134E+02
   9.720  0.1649E+01  0.1137E+02
   9.740  0.1626E+01  0.1141E+02
   9.760  0.1603E+01  0.1144E+02
   9.780  0.1580E+01  0.1147E+02
   9.800  0.1557E+01  0.1150E+02
   9.820  0.1535E+01  0.1153E+02
   9.840  0.1513E+01  0.1156E+02
   9.860  0.1492E+01  0.1159E+02
   9.880  0.1471E+01  0.1162E+02
   9.900  0.1451E+01  0.1165E+02
   9.920  0.1433E+01  0.1168E+02
   9.940  0.1415E+01  0.1171E+02
   9.960  0.1398E+01  0.1174E+02
   9.980  0.1383E+01  0.1176E+02
  10.000  0.1369E+01  0.1179E+02
  10.020  0.1357E+01  0.1182E+02
  10.040  0.1346E+01  0.1185E+02
  10.060  0.1336E+01  0.1187E+02
  10.080  0.1328E+01  0.1190E+02
  10.100  0.1321E+01  0.1192E+02
  10.120  0.1315E+01  0.1195E+02
  10.140  0.1310E+01  0.1198E+02
  10.160  0.1305E+01  0.1200E+02
  10.180  0.1302E+01  0.1203E+02
  10.200  0.1299E+01  0.1206E+02
  10.220  0.1297E+01  0.1208E+02
  10.240  0.1295E+01  0.1211E+02
  10.260  0.1293E+01  0.1213E+02
  10.280  0.1292E+01  0.1216E+02
  10.300  0.1291E+01  0.1218E+02
  10.320  0.1290E+01  0.1221E+02
  10.340  0.1289E+01  0.1224E+02
  10.360  0.1288E+01  0.1226E+02
  10.380  0.1288E+01  0.1229E+02
  10.400  0.1287E+01  0.1231E+02
  10.420  0.1287E+01  0.1234E+02
  10.440  0.1287E+01  0.1237E+02
  10.460  0.1287E+01  0.1239E+02
  10.480  0.1287E+01  0.1242E+02
  10.500  0.1288E+01  0.1244E+02
  10.520  0.1288E+01  0.1247E+02
  10.540  0.1288E+01  0.1249E+02
  10.560  0.1288E+01  0.1252E+02
  10.580  0.1288E+01  0.1255E+02
  10.600  0.1287E+01  0.1257E+02
  10.620  0.1287E+01  0.1260E+02
  10.640  0.1286E+01  0.1262E+02
  10.660  0.1285E+01  0.1265E+02
  10.680  0.1284E+01  0.1267E+02
  10.700  0.1282E+01  0.1270E+02
  10.720  0.1281E+01  0.1273E+02
  10.740  0.1279E+01  0.1275E+02
  10.760  0.1277E+01  0.1278E+02
  10.780  0.1274E+01  0.1280E+02
  10.800  0.1272E+01  0.1283E+02
  10.820  0.1270E+01  0.1285E+02
  10.840  0.1268E+01  0.1288E+02
  10.860  0.1265E+01  0.1290E+02
  10.880  0.1263E+01  0.1293E+02
  10.900  0.1261E+01  0.1295E+02
  10.920  0.1259E+01  0.1298E+02
  10.940  0.1257E+01  0.1300E+02
  10.960  0.1255E+01  0.1303E+02
  10.980  0.1253E+01  0.1305E+02
  11.000  0.1250E+01  0.1308E+02
  11.020  0.1248E+01  0.1310E+02
  11.040  0.1246E+01  0.1313E+02
  11.060  0.1244E+01  0.1315E+02
  11.080  0.1241E+01  0.1318E+02
  11.100  0.1239E+01  0.1320E+02
  11.120  0.1236E+01  0.1323E+02
  11.140  0.1234E+01  0.1325E+02
  11.160  0.1230E+01  0.1328E+02
  11.180  0.1227E+01  0.1330E+02
  11.200  0.1224E+01  0.1333E+02
  11.220  0.1220E+01  0.1335E+02
  11.240  0.1215E+01  0.1338E+02
  11.260  0.1210E+01  0.1340E+02
  11.280  0.1205E+01  0.1342E+02
  11.300  0.1199E+01  0.1345E+02
  11.320  0.1193E+01  0.1347E+02
  11.340  0.1186E+01  0.1350E+02
  11.360  0.1179E+01  0.1352E+02
  11.380  0.1172E+01  0.1354E+02
  11.400  0.1164E+01  0.1357E+02
  11.420  0.1157E+01  0.1359E+02
  11.440  0.1149E+01  0.1361E+02
  11.460  0.1141E+01  0.1363E+02
  11.480  0.1134E+01  0.1366E+02
  11.500  0.1127E+01  0.1368E+02
  11.520  0.1121E+01  0.1370E+02
  11.540  0.1115E+01  0.1372E+02
  11.560  0.1110E+01  0.1375E+02
  11.580  0.1105E+01  0.1377E+02
  11.600  0.1102E+01  0.1379E+02
  11.620  0.1099E+01  0.1381E+02
  11.640  0.1096E+01  0.1383E+02
  11.660  0.1095E+01  0.1386E+02
  11.680  0.1094E+01  0.1388E+02
  11.700  0.1094E+01  0.1390E+02
  11.720  0.1094E+01  0.1392E+02
  11.740  0.1094E+01  0.1394E+02
  11.760  0.1095E+01  0.1397E+02
  11.780  0.1096E+01  0.1399E+02
  11.800  0.1096E+01  0.1401E+02
  11.820  0.1096E+01  0.1403E+02
  11.840  0.1096E+01  0.1405E+02
  11.860  0.1095E+01  0.1408E+02
  11.880  0.1093E+01  0.1410E+02
  11.900  0.1090E+01  0.1412E+02
  11.920  0.1086E+01  0.1414E+02
  11.940  0.1081E+01  0.1416E+02
  11.960  0.1075E+01  0.1418E+02
  11.980  0.1068E+01  0.1421E+02
  12.000  0.1060E+01  0.1423E+02
  12.020  0.1051E+01  0.1425E+02
  12.040  0.1040E+01  0.1427E+02
  12.060  0.1029E+01  0.1429E+02
  12.080  0.1018E+01  0.1431E+02
  12.100  0.1006E+01  0.1433E+02
  12.120  0.9943E+00  0.1435E+02
  12.140  0.9827E+00  0.1437E+02
  12.160  0.9715E+00  0.1439E+02
  12.180  0.9610E+00  0.1441E+02
  12.200  0.9514E+00  0.1443E+02
  12.220  0.9430E+00  0.1445E+02
  12.240  0.9358E+00  0.1446E+02
  12.260  0.9301E+00  0.1448E+02
  12.280  0.9260E+00  0.1450E+02
  12.300  0.9233E+00  0.1452E+02
  12.320  0.9222E+00  0.1454E+02
  12.340  0.9226E+00  0.1456E+02
  12.360  0.9242E+00  0.1458E+02
  12.380  0.9271E+00  0.1459E+02
  12.400  0.9309E+00  0.1461E+02
  12.420  0.9354E+00  0.1463E+02
  12.440  0.9403E+00  0.1465E+02
  12.460  0.9453E+00  0.1467E+02
  12.480  0.9501E+00  0.1469E+02
  12.500  0.9544E+00  0.1471E+02
  12.520  0.9578E+00  0.1473E+02
  12.540  0.9600E+00  0.1475E+02
  12.560  0.9609E+00  0.1476E+02
  12.580  0.9600E+00  0.1478E+02
  12.600  0.9574E+00  0.1480E+02
  12.620  0.9527E+00  0.1482E+02
  12.640  0.9460E+00  0.1484E+02
  12.660  0.9373E+00  0.1486E+02
  12.680  0.9266E+00  0.1488E+02
  12.700  0.9140E+00  0.1490E+02
  12.720  0.8997E+00  0.1491E+02
  12.740  0.8840E+00  0.1493E+02
  12.760  0.8672E+00  0.1495E+02
  12.780  0.8495E+00  0.1497E+02
  12.800  0.8313E+00  0.1498E+02
  12.820  0.8129E+00  0.1500E+02
  12.840  0.7947E+00  0.1502E+02
  12.860  0.7771E+00  0.1503E+02
  12.880  0.7602E+00  0.1505E+02
  12.900  0.7444E+00  0.1506E+02
  12.920  0.7299E+00  0.1508E+02
  12.940  0.7168E+00  0.1509E+02
  12.960  0.7054E+00  0.1510E+02
  12.980  0.6956E+00  0.1512E+02
  13.000  0.6875E+00  0.1513E+02
  13.020  0.6812E+00  0.1515E+02
  13.040  0.6765E+00  0.1516E+02
  13.060  0.6733E+00  0.1517E+02
  13.080  0.6716E+00  0.1519E+02
  13.100  0.6711E+00  0.1520E+02
  13.120  0.6718E+00  0.1521E+02
  13.140  0.6733E+00  0.1523E+02
  13.160  0.6755E+00  0.1524E+02
  13.180  0.6783E+00  0.1525E+02
  13.200  0.6812E+00  0.1527E+02
  13.220  0.6842E+00  0.1528E+02
  13.240  0.6870E+00  0.1529E+02
  13.260  0.6893E+00  0.1531E+02
  13.280  0.6910E+00  0.1532E+02
  13.300  0.6918E+00  0.1534E+02
  13.320  0.6916E+00  0.1535E+02
  13.340  0.6902E+00  0.1536E+02
  13.360  0.6874E+00  0.1538E+02
  13.380  0.6831E+00  0.1539E+02
  13.400  0.6774E+00  0.1540E+02
  13.420  0.6701E+00  0.1542E+02
  13.440  0.6614E+00  0.1543E+02
  13.460  0.6512E+00  0.1544E+02
  13.480  0.6398E+00  0.1546E+02
  13.500  0.6272E+00  0.1547E+02
  13.520  0.6138E+00  0.1548E+02
  13.540  0.5997E+00  0.1549E+02
  13.560  0.5852E+00  0.1551E+02
  13.580  0.5705E+00  0.1552E+02
  13.600  0.5560E+00  0.1553E+02
  13.620  0.5419E+00  0.1554E+02
  13.640  0.5284E+00  0.1555E+02
  13.660  0.5157E+00  0.1556E+02
  13.680  0.5040E+00  0.1557E+02
  13.700  0.4935E+00  0.1558E+02
  13.720  0.4842E+00  0.1559E+02
  13.740  0.4761E+00  0.1560E+02
  13.760  0.4692E+00  0.1561E+02
  13.780  0.4636E+00  0.1562E+02
  13.800  0.4590E+00  0.1563E+02
  13.820  0.4554E+00  0.1564E+02
  13.840  0.4527E+00  0.1564E+02
  13.860  0.4506E+00  0.1565E+02
  13.880  0.4490E+00  0.1566E+02
  13.900  0.4478E+00  0.1567E+02
  13.920  0.4467E+00  0.1568E+02
  13.940  0.4455E+00  0.1569E+02
  13.960  0.4442E+00  0.1570E+02
  13.980  0.4425E+00  0.1571E+02
  14.000  0.4403E+00  0.1572E+02
  14.020  0.4375E+00  0.1572E+02
  14.040  0.4338E+00  0.1573E+02
  14.060  0.4292E+00  0.1574E+02
  14.080  0.4236E+00  0.1575E+02
  14.100  0.4170E+00  0.1576E+02
  14.120  0.4091E+00  0.1577E+02
  14.140  0.4001E+00  0.1577E+02
  14.160  0.3899E+00  0.1578E+02
  14.180  0.3786E+00  0.1579E+02
  14.200  0.3662E+00  0.1580E+02
  14.220  0.3528E+00  0.1580E+02
  14.240  0.3385E+00  0.1581E+02
  14.260  0.3236E+00  0.1582E+02
  14.280  0.3081E+00  0.1582E+02
  14.300  0.2924E+00  0.1583E+02
  14.320  0.2766E+00  0.1584E+02
  14.340  0.2609E+00  0.1584E+02
  14.360  0.2456E+00  0.1585E+02
  14.380  0.2309E+00  0.1585E+02
  14.400  0.2170E+00  0.1585E+02
  14.420  0.2041E+00  0.1586E+02
  14.440  0.1922E+00  0.1586E+02
  14.460  0.1816E+00  0.1587E+02
  14.480  0.1722E+00  0.1587E+02
  14.500  0.1641E+00  0.1587E+02
  14.520  0.1573E+00  0.1588E+02
  14.540  0.1519E+00  0.1588E+02
  14.560  0.1476E+00  0.1588E+02
  14.580  0.1446E+00  0.1588E+02
  14.600  0.1425E+00  0.1589E+02
  14.620  0.1414E+00  0.1589E+02
  14.640  0.1411E+00  0.1589E+02
  14.660  0.1416E+00  0.1590E+02
  14.680  0.1425E+00  0.1590E+02
  14.700  0.1439E+00  0.1590E+02
  14.720  0.1456E+00  0.1590E+02
  14.740  0.1474E+00  0.1591E+02
  14.760  0.1492E+00  0.1591E+02
  14.780  0.1509E+00  0.1591E+02
  14.800  0.1524E+00  0.1592E+02
  14.820  0.1535E+00  0.1592E+02
  14.840  0.1541E+00  0.1592E+02
  14.860  0.1542E+00  0.1593E+02
  14.880  0.1537E+00  0.1593E+02
  14.900  0.1525E+00  0.1593E+02
  14.920  0.1505E+00  0.1594E+02
  14.940  0.1478E+00  0.1594E+02
  14.960  0.1443E+00  0.1594E+02
  14.980  0.1402E+00  0.1594E+02
  15.000  0.1353E+00  0.1595E+02
