#  E (eV)   dos(E)     Int dos(E) EFermi =   -4.245 eV
 -15.000  0.2652E+00  0.5303E-02
 -14.980  0.2909E+00  0.1112E-01
 -14.960  0.3170E+00  0.1746E-01
 -14.940  0.3421E+00  0.2430E-01
 -14.920  0.3659E+00  0.3162E-01
 -14.900  0.3888E+00  0.3940E-01
 -14.880  0.4111E+00  0.4762E-01
 -14.860  0.4332E+00  0.5628E-01
 -14.840  0.4545E+00  0.6537E-01
 -14.820  0.4734E+00  0.7484E-01
 -14.800  0.4876E+00  0.8459E-01
 -14.780  0.4943E+00  0.9448E-01
 -14.760  0.4912E+00  0.1043E+00
 -14.740  0.4768E+00  0.1138E+00
 -14.720  0.4511E+00  0.1229E+00
 -14.700  0.4153E+00  0.1312E+00
 -14.680  0.3723E+00  0.1386E+00
 -14.660  0.3255E+00  0.1451E+00
 -14.640  0.2790E+00  0.1507E+00
 -14.620  0.2364E+00  0.1554E+00
 -14.600  0.2009E+00  0.1595E+00
 -14.580  0.1746E+00  0.1629E+00
 -14.560  0.1585E+00  0.1661E+00
 -14.540  0.1526E+00  0.1692E+00
 -14.520  0.1561E+00  0.1723E+00
 -14.500  0.1675E+00  0.1756E+00
 -14.480  0.1852E+00  0.1793E+00
 -14.460  0.2075E+00  0.1835E+00
 -14.440  0.2330E+00  0.1882E+00
 -14.420  0.2607E+00  0.1934E+00
 -14.400  0.2902E+00  0.1992E+00
 -14.380  0.3208E+00  0.2056E+00
 -14.360  0.3523E+00  0.2126E+00
 -14.340  0.3841E+00  0.2203E+00
 -14.320  0.4151E+00  0.2286E+00
 -14.300  0.4442E+00  0.2375E+00
 -14.280  0.4697E+00  0.2469E+00
 -14.260  0.4900E+00  0.2567E+00
 -14.240  0.5038E+00  0.2668E+00
 -14.220  0.5101E+00  0.2770E+00
 -14.200  0.5085E+00  0.2871E+00
 -14.180  0.4997E+00  0.2971E+00
 -14.160  0.4847E+00  0.3068E+00
 -14.140  0.4656E+00  0.3161E+00
 -14.120  0.4443E+00  0.3250E+00
 -14.100  0.4230E+00  0.3335E+00
 -14.080  0.4031E+00  0.3416E+00
 -14.060  0.3854E+00  0.3493E+00
 -14.040  0.3697E+00  0.3567E+00
 -14.020  0.3550E+00  0.3638E+00
 -14.000  0.3404E+00  0.3706E+00
 -13.980  0.3250E+00  0.3771E+00
 -13.960  0.3089E+00  0.3832E+00
 -13.940  0.2931E+00  0.3891E+00
 -13.920  0.2797E+00  0.3947E+00
 -13.900  0.2715E+00  0.4001E+00
 -13.880  0.2709E+00  0.4055E+00
 -13.860  0.2800E+00  0.4111E+00
 -13.840  0.2996E+00  0.4171E+00
 -13.820  0.3290E+00  0.4237E+00
 -13.800  0.3662E+00  0.4310E+00
 -13.780  0.4080E+00  0.4392E+00
 -13.760  0.4509E+00  0.4482E+00
 -13.740  0.4912E+00  0.4580E+00
 -13.720  0.5256E+00  0.4686E+00
 -13.700  0.5515E+00  0.4796E+00
 -13.680  0.5669E+00  0.4909E+00
 -13.660  0.5708E+00  0.5023E+00
 -13.640  0.5627E+00  0.5136E+00
 -13.620  0.5428E+00  0.5244E+00
 -13.600  0.5117E+00  0.5347E+00
 -13.580  0.4710E+00  0.5441E+00
 -13.560  0.4226E+00  0.5526E+00
 -13.540  0.3691E+00  0.5599E+00
 -13.520  0.3136E+00  0.5662E+00
 -13.500  0.2594E+00  0.5714E+00
 -13.480  0.2095E+00  0.5756E+00
 -13.460  0.1668E+00  0.5789E+00
 -13.440  0.1333E+00  0.5816E+00
 -13.420  0.1107E+00  0.5838E+00
 -13.400  0.9982E-01  0.5858E+00
 -13.380  0.1007E+00  0.5878E+00
 -13.360  0.1130E+00  0.5901E+00
 -13.340  0.1356E+00  0.5928E+00
 -13.320  0.1669E+00  0.5961E+00
 -13.300  0.2049E+00  0.6002E+00
 -13.280  0.2475E+00  0.6052E+00
 -13.260  0.2925E+00  0.6110E+00
 -13.240  0.3383E+00  0.6178E+00
 -13.220  0.3840E+00  0.6255E+00
 -13.200  0.4291E+00  0.6341E+00
 -13.180  0.4741E+00  0.6435E+00
 -13.160  0.5194E+00  0.6539E+00
 -13.140  0.5650E+00  0.6652E+00
 -13.120  0.6100E+00  0.6774E+00
 -13.100  0.6523E+00  0.6905E+00
 -13.080  0.6889E+00  0.7042E+00
 -13.060  0.7159E+00  0.7186E+00
 -13.040  0.7299E+00  0.7332E+00
 -13.020  0.7284E+00  0.7477E+00
 -13.000  0.7108E+00  0.7619E+00
 -12.980  0.6787E+00  0.7755E+00
 -12.960  0.6357E+00  0.7882E+00
 -12.940  0.5863E+00  0.8000E+00
 -12.920  0.5354E+00  0.8107E+00
 -12.900  0.4870E+00  0.8204E+00
 -12.880  0.4437E+00  0.8293E+00
 -12.860  0.4058E+00  0.8374E+00
 -12.840  0.3725E+00  0.8448E+00
 -12.820  0.3417E+00  0.8517E+00
 -12.800  0.3111E+00  0.8579E+00
 -12.780  0.2792E+00  0.8635E+00
 -12.760  0.2455E+00  0.8684E+00
 -12.740  0.2105E+00  0.8726E+00
 -12.720  0.1760E+00  0.8761E+00
 -12.700  0.1442E+00  0.8790E+00
 -12.680  0.1177E+00  0.8814E+00
 -12.660  0.9904E-01  0.8833E+00
 -12.640  0.9035E-01  0.8852E+00
 -12.620  0.9361E-01  0.8870E+00
 -12.600  0.1104E+00  0.8892E+00
 -12.580  0.1416E+00  0.8921E+00
 -12.560  0.1878E+00  0.8958E+00
 -12.540  0.2482E+00  0.9008E+00
 -12.520  0.3206E+00  0.9072E+00
 -12.500  0.4015E+00  0.9152E+00
 -12.480  0.4856E+00  0.9249E+00
 -12.460  0.5666E+00  0.9363E+00
 -12.440  0.6378E+00  0.9490E+00
 -12.420  0.6933E+00  0.9629E+00
 -12.400  0.7286E+00  0.9775E+00
 -12.380  0.7419E+00  0.9923E+00
 -12.360  0.7340E+00  0.1007E+01
 -12.340  0.7085E+00  0.1021E+01
 -12.320  0.6708E+00  0.1035E+01
 -12.300  0.6270E+00  0.1047E+01
 -12.280  0.5830E+00  0.1059E+01
 -12.260  0.5433E+00  0.1070E+01
 -12.240  0.5105E+00  0.1080E+01
 -12.220  0.4854E+00  0.1090E+01
 -12.200  0.4672E+00  0.1099E+01
 -12.180  0.4538E+00  0.1108E+01
 -12.160  0.4429E+00  0.1117E+01
 -12.140  0.4319E+00  0.1125E+01
 -12.120  0.4188E+00  0.1134E+01
 -12.100  0.4021E+00  0.1142E+01
 -12.080  0.3815E+00  0.1150E+01
 -12.060  0.3576E+00  0.1157E+01
 -12.040  0.3323E+00  0.1163E+01
 -12.020  0.3087E+00  0.1169E+01
 -12.000  0.2906E+00  0.1175E+01
 -11.980  0.2823E+00  0.1181E+01
 -11.960  0.2876E+00  0.1187E+01
 -11.940  0.3098E+00  0.1193E+01
 -11.920  0.3502E+00  0.1200E+01
 -11.900  0.4084E+00  0.1208E+01
 -11.880  0.4814E+00  0.1218E+01
 -11.860  0.5647E+00  0.1229E+01
 -11.840  0.6518E+00  0.1242E+01
 -11.820  0.7354E+00  0.1257E+01
 -11.800  0.8086E+00  0.1273E+01
 -11.780  0.8649E+00  0.1290E+01
 -11.760  0.8999E+00  0.1308E+01
 -11.740  0.9113E+00  0.1326E+01
 -11.720  0.8995E+00  0.1344E+01
 -11.700  0.8669E+00  0.1362E+01
 -11.680  0.8185E+00  0.1378E+01
 -11.660  0.7606E+00  0.1393E+01
 -11.640  0.7006E+00  0.1407E+01
 -11.620  0.6459E+00  0.1420E+01
 -11.600  0.6039E+00  0.1432E+01
 -11.580  0.5806E+00  0.1444E+01
 -11.560  0.5805E+00  0.1456E+01
 -11.540  0.6053E+00  0.1468E+01
 -11.520  0.6539E+00  0.1481E+01
 -11.500  0.7217E+00  0.1495E+01
 -11.480  0.8013E+00  0.1511E+01
 -11.460  0.8830E+00  0.1529E+01
 -11.440  0.9561E+00  0.1548E+01
 -11.420  0.1011E+01  0.1568E+01
 -11.400  0.1041E+01  0.1589E+01
 -11.380  0.1043E+01  0.1610E+01
 -11.360  0.1019E+01  0.1630E+01
 -11.340  0.9721E+00  0.1650E+01
 -11.320  0.9111E+00  0.1668E+01
 -11.300  0.8443E+00  0.1685E+01
 -11.280  0.7792E+00  0.1700E+01
 -11.260  0.7217E+00  0.1715E+01
 -11.240  0.6752E+00  0.1728E+01
 -11.220  0.6412E+00  0.1741E+01
 -11.200  0.6194E+00  0.1754E+01
 -11.180  0.6093E+00  0.1766E+01
 -11.160  0.6099E+00  0.1778E+01
 -11.140  0.6209E+00  0.1790E+01
 -11.120  0.6419E+00  0.1803E+01
 -11.100  0.6730E+00  0.1817E+01
 -11.080  0.7137E+00  0.1831E+01
 -11.060  0.7634E+00  0.1846E+01
 -11.040  0.8207E+00  0.1863E+01
 -11.020  0.8838E+00  0.1880E+01
 -11.000  0.9497E+00  0.1899E+01
 -10.980  0.1015E+01  0.1920E+01
 -10.960  0.1075E+01  0.1941E+01
 -10.940  0.1127E+01  0.1964E+01
 -10.920  0.1164E+01  0.1987E+01
 -10.900  0.1185E+01  0.2011E+01
 -10.880  0.1186E+01  0.2034E+01
 -10.860  0.1170E+01  0.2058E+01
 -10.840  0.1136E+01  0.2080E+01
 -10.820  0.1091E+01  0.2102E+01
 -10.800  0.1038E+01  0.2123E+01
 -10.780  0.9841E+00  0.2143E+01
 -10.760  0.9349E+00  0.2161E+01
 -10.740  0.8959E+00  0.2179E+01
 -10.720  0.8719E+00  0.2197E+01
 -10.700  0.8663E+00  0.2214E+01
 -10.680  0.8813E+00  0.2232E+01
 -10.660  0.9167E+00  0.2250E+01
 -10.640  0.9704E+00  0.2269E+01
 -10.620  0.1038E+01  0.2290E+01
 -10.600  0.1112E+01  0.2312E+01
 -10.580  0.1185E+01  0.2336E+01
 -10.560  0.1249E+01  0.2361E+01
 -10.540  0.1295E+01  0.2387E+01
 -10.520  0.1317E+01  0.2413E+01
 -10.500  0.1311E+01  0.2440E+01
 -10.480  0.1277E+01  0.2465E+01
 -10.460  0.1216E+01  0.2489E+01
 -10.440  0.1133E+01  0.2512E+01
 -10.420  0.1034E+01  0.2533E+01
 -10.400  0.9274E+00  0.2551E+01
 -10.380  0.8215E+00  0.2568E+01
 -10.360  0.7249E+00  0.2582E+01
 -10.340  0.6451E+00  0.2595E+01
 -10.320  0.5875E+00  0.2607E+01
 -10.300  0.5552E+00  0.2618E+01
 -10.280  0.5477E+00  0.2629E+01
 -10.260  0.5614E+00  0.2640E+01
 -10.240  0.5902E+00  0.2652E+01
 -10.220  0.6263E+00  0.2665E+01
 -10.200  0.6622E+00  0.2678E+01
 -10.180  0.6915E+00  0.2692E+01
 -10.160  0.7109E+00  0.2706E+01
 -10.140  0.7200E+00  0.2720E+01
 -10.120  0.7214E+00  0.2735E+01
 -10.100  0.7195E+00  0.2749E+01
 -10.080  0.7193E+00  0.2763E+01
 -10.060  0.7248E+00  0.2778E+01
 -10.040  0.7379E+00  0.2793E+01
 -10.020  0.7586E+00  0.2808E+01
 -10.000  0.7848E+00  0.2824E+01
  -9.980  0.8134E+00  0.2840E+01
  -9.960  0.8414E+00  0.2857E+01
  -9.940  0.8665E+00  0.2874E+01
  -9.920  0.8880E+00  0.2892E+01
  -9.900  0.9057E+00  0.2910E+01
  -9.880  0.9203E+00  0.2928E+01
  -9.860  0.9317E+00  0.2947E+01
  -9.840  0.9391E+00  0.2966E+01
  -9.820  0.9403E+00  0.2984E+01
  -9.800  0.9324E+00  0.3003E+01
  -9.780  0.9123E+00  0.3021E+01
  -9.760  0.8779E+00  0.3039E+01
  -9.740  0.8286E+00  0.3056E+01
  -9.720  0.7657E+00  0.3071E+01
  -9.700  0.6929E+00  0.3085E+01
  -9.680  0.6150E+00  0.3097E+01
  -9.660  0.5376E+00  0.3108E+01
  -9.640  0.4663E+00  0.3117E+01
  -9.620  0.4055E+00  0.3125E+01
  -9.600  0.3587E+00  0.3132E+01
  -9.580  0.3282E+00  0.3139E+01
  -9.560  0.3154E+00  0.3145E+01
  -9.540  0.3211E+00  0.3152E+01
  -9.520  0.3456E+00  0.3159E+01
  -9.500  0.3884E+00  0.3166E+01
  -9.480  0.4480E+00  0.3175E+01
  -9.460  0.5220E+00  0.3186E+01
  -9.440  0.6063E+00  0.3198E+01
  -9.420  0.6960E+00  0.3212E+01
  -9.400  0.7853E+00  0.3227E+01
  -9.380  0.8684E+00  0.3245E+01
  -9.360  0.9401E+00  0.3264E+01
  -9.340  0.9962E+00  0.3284E+01
  -9.320  0.1034E+01  0.3304E+01
  -9.300  0.1050E+01  0.3325E+01
  -9.280  0.1045E+01  0.3346E+01
  -9.260  0.1019E+01  0.3367E+01
  -9.240  0.9718E+00  0.3386E+01
  -9.220  0.9063E+00  0.3404E+01
  -9.200  0.8259E+00  0.3421E+01
  -9.180  0.7354E+00  0.3435E+01
  -9.160  0.6410E+00  0.3448E+01
  -9.140  0.5493E+00  0.3459E+01
  -9.120  0.4666E+00  0.3468E+01
  -9.100  0.3982E+00  0.3476E+01
  -9.080  0.3472E+00  0.3483E+01
  -9.060  0.3147E+00  0.3490E+01
  -9.040  0.2994E+00  0.3496E+01
  -9.020  0.2987E+00  0.3502E+01
  -9.000  0.3091E+00  0.3508E+01
  -8.980  0.3271E+00  0.3514E+01
  -8.960  0.3503E+00  0.3521E+01
  -8.940  0.3773E+00  0.3529E+01
  -8.920  0.4081E+00  0.3537E+01
  -8.900  0.4435E+00  0.3546E+01
  -8.880  0.4841E+00  0.3556E+01
  -8.860  0.5302E+00  0.3566E+01
  -8.840  0.5811E+00  0.3578E+01
  -8.820  0.6349E+00  0.3591E+01
  -8.800  0.6888E+00  0.3604E+01
  -8.780  0.7397E+00  0.3619E+01
  -8.760  0.7845E+00  0.3635E+01
  -8.740  0.8210E+00  0.3651E+01
  -8.720  0.8476E+00  0.3668E+01
  -8.700  0.8635E+00  0.3685E+01
  -8.680  0.8684E+00  0.3703E+01
  -8.660  0.8624E+00  0.3720E+01
  -8.640  0.8456E+00  0.3737E+01
  -8.620  0.8183E+00  0.3753E+01
  -8.600  0.7814E+00  0.3769E+01
  -8.580  0.7362E+00  0.3784E+01
  -8.560  0.6851E+00  0.3797E+01
  -8.540  0.6312E+00  0.3810E+01
  -8.520  0.5782E+00  0.3822E+01
  -8.500  0.5294E+00  0.3832E+01
  -8.480  0.4879E+00  0.3842E+01
  -8.460  0.4553E+00  0.3851E+01
  -8.440  0.4322E+00  0.3860E+01
  -8.420  0.4180E+00  0.3868E+01
  -8.400  0.4117E+00  0.3876E+01
  -8.380  0.4119E+00  0.3884E+01
  -8.360  0.4178E+00  0.3893E+01
  -8.340  0.4288E+00  0.3901E+01
  -8.320  0.4451E+00  0.3910E+01
  -8.300  0.4670E+00  0.3920E+01
  -8.280  0.4943E+00  0.3930E+01
  -8.260  0.5264E+00  0.3940E+01
  -8.240  0.5615E+00  0.3951E+01
  -8.220  0.5970E+00  0.3963E+01
  -8.200  0.6293E+00  0.3976E+01
  -8.180  0.6548E+00  0.3989E+01
  -8.160  0.6699E+00  0.4002E+01
  -8.140  0.6718E+00  0.4016E+01
  -8.120  0.6594E+00  0.4029E+01
  -8.100  0.6331E+00  0.4042E+01
  -8.080  0.5950E+00  0.4054E+01
  -8.060  0.5488E+00  0.4064E+01
  -8.040  0.4991E+00  0.4074E+01
  -8.020  0.4510E+00  0.4083E+01
  -8.000  0.4093E+00  0.4092E+01
  -7.980  0.3784E+00  0.4099E+01
  -7.960  0.3618E+00  0.4106E+01
  -7.940  0.3616E+00  0.4114E+01
  -7.920  0.3791E+00  0.4121E+01
  -7.900  0.4135E+00  0.4130E+01
  -7.880  0.4629E+00  0.4139E+01
  -7.860  0.5236E+00  0.4149E+01
  -7.840  0.5904E+00  0.4161E+01
  -7.820  0.6573E+00  0.4174E+01
  -7.800  0.7182E+00  0.4189E+01
  -7.780  0.7673E+00  0.4204E+01
  -7.760  0.8002E+00  0.4220E+01
  -7.740  0.8147E+00  0.4236E+01
  -7.720  0.8109E+00  0.4252E+01
  -7.700  0.7914E+00  0.4268E+01
  -7.680  0.7606E+00  0.4284E+01
  -7.660  0.7237E+00  0.4298E+01
  -7.640  0.6859E+00  0.4312E+01
  -7.620  0.6512E+00  0.4325E+01
  -7.600  0.6217E+00  0.4337E+01
  -7.580  0.5977E+00  0.4349E+01
  -7.560  0.5774E+00  0.4361E+01
  -7.540  0.5585E+00  0.4372E+01
  -7.520  0.5384E+00  0.4383E+01
  -7.500  0.5153E+00  0.4393E+01
  -7.480  0.4890E+00  0.4403E+01
  -7.460  0.4604E+00  0.4412E+01
  -7.440  0.4317E+00  0.4421E+01
  -7.420  0.4054E+00  0.4429E+01
  -7.400  0.3837E+00  0.4436E+01
  -7.380  0.3680E+00  0.4444E+01
  -7.360  0.3582E+00  0.4451E+01
  -7.340  0.3530E+00  0.4458E+01
  -7.320  0.3497E+00  0.4465E+01
  -7.300  0.3455E+00  0.4472E+01
  -7.280  0.3374E+00  0.4479E+01
  -7.260  0.3238E+00  0.4485E+01
  -7.240  0.3043E+00  0.4491E+01
  -7.220  0.2803E+00  0.4497E+01
  -7.200  0.2548E+00  0.4502E+01
  -7.180  0.2317E+00  0.4506E+01
  -7.160  0.2158E+00  0.4511E+01
  -7.140  0.2113E+00  0.4515E+01
  -7.120  0.2214E+00  0.4519E+01
  -7.100  0.2481E+00  0.4524E+01
  -7.080  0.2912E+00  0.4530E+01
  -7.060  0.3484E+00  0.4537E+01
  -7.040  0.4157E+00  0.4545E+01
  -7.020  0.4876E+00  0.4555E+01
  -7.000  0.5578E+00  0.4566E+01
  -6.980  0.6204E+00  0.4579E+01
  -6.960  0.6702E+00  0.4592E+01
  -6.940  0.7042E+00  0.4606E+01
  -6.920  0.7214E+00  0.4621E+01
  -6.900  0.7230E+00  0.4635E+01
  -6.880  0.7121E+00  0.4649E+01
  -6.860  0.6926E+00  0.4663E+01
  -6.840  0.6688E+00  0.4677E+01
  -6.820  0.6444E+00  0.4690E+01
  -6.800  0.6222E+00  0.4702E+01
  -6.780  0.6033E+00  0.4714E+01
  -6.760  0.5876E+00  0.4726E+01
  -6.740  0.5737E+00  0.4737E+01
  -6.720  0.5597E+00  0.4748E+01
  -6.700  0.5431E+00  0.4759E+01
  -6.680  0.5218E+00  0.4770E+01
  -6.660  0.4943E+00  0.4780E+01
  -6.640  0.4601E+00  0.4789E+01
  -6.620  0.4199E+00  0.4797E+01
  -6.600  0.3755E+00  0.4805E+01
  -6.580  0.3296E+00  0.4811E+01
  -6.560  0.2852E+00  0.4817E+01
  -6.540  0.2455E+00  0.4822E+01
  -6.520  0.2128E+00  0.4826E+01
  -6.500  0.1889E+00  0.4830E+01
  -6.480  0.1743E+00  0.4833E+01
  -6.460  0.1686E+00  0.4837E+01
  -6.440  0.1709E+00  0.4840E+01
  -6.420  0.1802E+00  0.4844E+01
  -6.400  0.1955E+00  0.4848E+01
  -6.380  0.2167E+00  0.4852E+01
  -6.360  0.2442E+00  0.4857E+01
  -6.340  0.2785E+00  0.4863E+01
  -6.320  0.3204E+00  0.4869E+01
  -6.300  0.3697E+00  0.4876E+01
  -6.280  0.4254E+00  0.4885E+01
  -6.260  0.4850E+00  0.4895E+01
  -6.240  0.5445E+00  0.4905E+01
  -6.220  0.5991E+00  0.4917E+01
  -6.200  0.6431E+00  0.4930E+01
  -6.180  0.6716E+00  0.4944E+01
  -6.160  0.6805E+00  0.4957E+01
  -6.140  0.6678E+00  0.4971E+01
  -6.120  0.6338E+00  0.4983E+01
  -6.100  0.5809E+00  0.4995E+01
  -6.080  0.5139E+00  0.5005E+01
  -6.060  0.4383E+00  0.5014E+01
  -6.040  0.3604E+00  0.5021E+01
  -6.020  0.2859E+00  0.5027E+01
  -6.000  0.2193E+00  0.5031E+01
  -5.980  0.1638E+00  0.5035E+01
  -5.960  0.1207E+00  0.5037E+01
  -5.940  0.9035E-01  0.5039E+01
  -5.920  0.7186E-01  0.5040E+01
  -5.900  0.6375E-01  0.5042E+01
  -5.880  0.6412E-01  0.5043E+01
  -5.860  0.7087E-01  0.5044E+01
  -5.840  0.8177E-01  0.5046E+01
  -5.820  0.9454E-01  0.5048E+01
  -5.800  0.1070E+00  0.5050E+01
  -5.780  0.1171E+00  0.5052E+01
  -5.760  0.1234E+00  0.5055E+01
  -5.740  0.1248E+00  0.5057E+01
  -5.720  0.1213E+00  0.5060E+01
  -5.700  0.1134E+00  0.5062E+01
  -5.680  0.1025E+00  0.5064E+01
  -5.660  0.9035E-01  0.5066E+01
  -5.640  0.7906E-01  0.5067E+01
  -5.620  0.7070E-01  0.5069E+01
  -5.600  0.6717E-01  0.5070E+01
  -5.580  0.6992E-01  0.5072E+01
  -5.560  0.7987E-01  0.5073E+01
  -5.540  0.9726E-01  0.5075E+01
  -5.520  0.1215E+00  0.5078E+01
  -5.500  0.1513E+00  0.5081E+01
  -5.480  0.1845E+00  0.5084E+01
  -5.460  0.2185E+00  0.5089E+01
  -5.440  0.2502E+00  0.5094E+01
  -5.420  0.2768E+00  0.5099E+01
  -5.400  0.2963E+00  0.5105E+01
  -5.380  0.3071E+00  0.5111E+01
  -5.360  0.3088E+00  0.5117E+01
  -5.340  0.3019E+00  0.5123E+01
  -5.320  0.2875E+00  0.5129E+01
  -5.300  0.2670E+00  0.5135E+01
  -5.280  0.2423E+00  0.5139E+01
  -5.260  0.2147E+00  0.5144E+01
  -5.240  0.1858E+00  0.5147E+01
  -5.220  0.1568E+00  0.5151E+01
  -5.200  0.1288E+00  0.5153E+01
  -5.180  0.1028E+00  0.5155E+01
  -5.160  0.7955E-01  0.5157E+01
  -5.140  0.5957E-01  0.5158E+01
  -5.120  0.4308E-01  0.5159E+01
  -5.100  0.3004E-01  0.5159E+01
  -5.080  0.2018E-01  0.5160E+01
  -5.060  0.1307E-01  0.5160E+01
  -5.040  0.8195E-02  0.5160E+01
  -5.020  0.5075E-02  0.5160E+01
  -5.000  0.3296E-02  0.5160E+01
  -4.980  0.2575E-02  0.5160E+01
  -4.960  0.2781E-02  0.5160E+01
  -4.940  0.3941E-02  0.5161E+01
  -4.920  0.6230E-02  0.5161E+01
  -4.900  0.9943E-02  0.5161E+01
  -4.880  0.1544E-01  0.5161E+01
  -4.860  0.2307E-01  0.5162E+01
  -4.840  0.3305E-01  0.5162E+01
  -4.820  0.4537E-01  0.5163E+01
  -4.800  0.5965E-01  0.5164E+01
  -4.780  0.7510E-01  0.5166E+01
  -4.760  0.9057E-01  0.5168E+01
  -4.740  0.1046E+00  0.5170E+01
  -4.720  0.1157E+00  0.5172E+01
  -4.700  0.1226E+00  0.5175E+01
  -4.680  0.1243E+00  0.5177E+01
  -4.660  0.1208E+00  0.5179E+01
  -4.640  0.1124E+00  0.5182E+01
  -4.620  0.1002E+00  0.5184E+01
  -4.600  0.8548E-01  0.5185E+01
  -4.580  0.6986E-01  0.5187E+01
  -4.560  0.5469E-01  0.5188E+01
  -4.540  0.4100E-01  0.5189E+01
  -4.520  0.2943E-01  0.5189E+01
  -4.500  0.2024E-01  0.5190E+01
  -4.480  0.1333E-01  0.5190E+01
  -4.460  0.8404E-02  0.5190E+01
  -4.440  0.5076E-02  0.5190E+01
  -4.420  0.2936E-02  0.5190E+01
  -4.400  0.1627E-02  0.5190E+01
  -4.380  0.8629E-03  0.5190E+01
  -4.360  0.4385E-03  0.5190E+01
  -4.340  0.2134E-03  0.5190E+01
  -4.320  0.9951E-04  0.5190E+01
  -4.300  0.4463E-04  0.5190E+01
  -4.280  0.1969E-04  0.5190E+01
  -4.260  0.9721E-05  0.5190E+01
  -4.240  0.8134E-05  0.5190E+01
  -4.220  0.1383E-04  0.5190E+01
  -4.200  0.3067E-04  0.5190E+01
  -4.180  0.6930E-04  0.5190E+01
  -4.160  0.1514E-03  0.5190E+01
  -4.140  0.3173E-03  0.5190E+01
  -4.120  0.6368E-03  0.5190E+01
  -4.100  0.1224E-02  0.5190E+01
  -4.080  0.2254E-02  0.5191E+01
  -4.060  0.3975E-02  0.5191E+01
  -4.040  0.6712E-02  0.5191E+01
  -4.020  0.1085E-01  0.5191E+01
  -4.000  0.1681E-01  0.5191E+01
  -3.980  0.2494E-01  0.5192E+01
  -3.960  0.3543E-01  0.5192E+01
  -3.940  0.4820E-01  0.5193E+01
  -3.920  0.6281E-01  0.5195E+01
  -3.900  0.7837E-01  0.5196E+01
  -3.880  0.9366E-01  0.5198E+01
  -3.860  0.1072E+00  0.5200E+01
  -3.840  0.1175E+00  0.5203E+01
  -3.820  0.1234E+00  0.5205E+01
  -3.800  0.1240E+00  0.5208E+01
  -3.780  0.1194E+00  0.5210E+01
  -3.760  0.1101E+00  0.5212E+01
  -3.740  0.9725E-01  0.5214E+01
  -3.720  0.8225E-01  0.5216E+01
  -3.700  0.6662E-01  0.5217E+01
  -3.680  0.5168E-01  0.5218E+01
  -3.660  0.3840E-01  0.5219E+01
  -3.640  0.2733E-01  0.5219E+01
  -3.620  0.1865E-01  0.5220E+01
  -3.600  0.1222E-01  0.5220E+01
  -3.580  0.7762E-02  0.5220E+01
  -3.560  0.4904E-02  0.5220E+01
  -3.540  0.3337E-02  0.5220E+01
  -3.520  0.2859E-02  0.5220E+01
  -3.500  0.3431E-02  0.5221E+01
  -3.480  0.5206E-02  0.5221E+01
  -3.460  0.8541E-02  0.5221E+01
  -3.440  0.1400E-01  0.5221E+01
  -3.420  0.2233E-01  0.5222E+01
  -3.400  0.3437E-01  0.5222E+01
  -3.380  0.5100E-01  0.5223E+01
  -3.360  0.7289E-01  0.5225E+01
  -3.340  0.1004E+00  0.5227E+01
  -3.320  0.1333E+00  0.5229E+01
  -3.300  0.1706E+00  0.5233E+01
  -3.280  0.2106E+00  0.5237E+01
  -3.260  0.2507E+00  0.5242E+01
  -3.240  0.2880E+00  0.5248E+01
  -3.220  0.3192E+00  0.5254E+01
  -3.200  0.3416E+00  0.5261E+01
  -3.180  0.3530E+00  0.5268E+01
  -3.160  0.3529E+00  0.5275E+01
  -3.140  0.3417E+00  0.5282E+01
  -3.120  0.3216E+00  0.5288E+01
  -3.100  0.2956E+00  0.5294E+01
  -3.080  0.2671E+00  0.5300E+01
  -3.060  0.2393E+00  0.5304E+01
  -3.040  0.2147E+00  0.5309E+01
  -3.020  0.1947E+00  0.5313E+01
  -3.000  0.1793E+00  0.5316E+01
  -2.980  0.1675E+00  0.5320E+01
  -2.960  0.1579E+00  0.5323E+01
  -2.940  0.1487E+00  0.5326E+01
  -2.920  0.1389E+00  0.5328E+01
  -2.900  0.1280E+00  0.5331E+01
  -2.880  0.1165E+00  0.5333E+01
  -2.860  0.1058E+00  0.5335E+01
  -2.840  0.9804E-01  0.5337E+01
  -2.820  0.9556E-01  0.5339E+01
  -2.800  0.1009E+00  0.5341E+01
  -2.780  0.1161E+00  0.5344E+01
  -2.760  0.1428E+00  0.5347E+01
  -2.740  0.1816E+00  0.5350E+01
  -2.720  0.2321E+00  0.5355E+01
  -2.700  0.2927E+00  0.5361E+01
  -2.680  0.3608E+00  0.5368E+01
  -2.660  0.4331E+00  0.5377E+01
  -2.640  0.5062E+00  0.5387E+01
  -2.620  0.5766E+00  0.5398E+01
  -2.600  0.6416E+00  0.5411E+01
  -2.580  0.6992E+00  0.5425E+01
  -2.560  0.7478E+00  0.5440E+01
  -2.540  0.7865E+00  0.5456E+01
  -2.520  0.8142E+00  0.5472E+01
  -2.500  0.8298E+00  0.5489E+01
  -2.480  0.8321E+00  0.5505E+01
  -2.460  0.8200E+00  0.5522E+01
  -2.440  0.7932E+00  0.5537E+01
  -2.420  0.7523E+00  0.5552E+01
  -2.400  0.6996E+00  0.5566E+01
  -2.380  0.6386E+00  0.5579E+01
  -2.360  0.5742E+00  0.5591E+01
  -2.340  0.5119E+00  0.5601E+01
  -2.320  0.4567E+00  0.5610E+01
  -2.300  0.4128E+00  0.5618E+01
  -2.280  0.3826E+00  0.5626E+01
  -2.260  0.3662E+00  0.5633E+01
  -2.240  0.3617E+00  0.5641E+01
  -2.220  0.3653E+00  0.5648E+01
  -2.200  0.3722E+00  0.5655E+01
  -2.180  0.3774E+00  0.5663E+01
  -2.160  0.3765E+00  0.5670E+01
  -2.140  0.3669E+00  0.5678E+01
  -2.120  0.3477E+00  0.5685E+01
  -2.100  0.3198E+00  0.5691E+01
  -2.080  0.2858E+00  0.5697E+01
  -2.060  0.2495E+00  0.5702E+01
  -2.040  0.2149E+00  0.5706E+01
  -2.020  0.1857E+00  0.5710E+01
  -2.000  0.1652E+00  0.5713E+01
  -1.980  0.1551E+00  0.5716E+01
  -1.960  0.1561E+00  0.5719E+01
  -1.940  0.1673E+00  0.5723E+01
  -1.920  0.1867E+00  0.5726E+01
  -1.900  0.2116E+00  0.5731E+01
  -1.880  0.2387E+00  0.5735E+01
  -1.860  0.2651E+00  0.5741E+01
  -1.840  0.2886E+00  0.5747E+01
  -1.820  0.3079E+00  0.5753E+01
  -1.800  0.3232E+00  0.5759E+01
  -1.780  0.3355E+00  0.5766E+01
  -1.760  0.3465E+00  0.5773E+01
  -1.740  0.3579E+00  0.5780E+01
  -1.720  0.3710E+00  0.5787E+01
  -1.700  0.3859E+00  0.5795E+01
  -1.680  0.4024E+00  0.5803E+01
  -1.660  0.4190E+00  0.5811E+01
  -1.640  0.4341E+00  0.5820E+01
  -1.620  0.4459E+00  0.5829E+01
  -1.600  0.4528E+00  0.5838E+01
  -1.580  0.4539E+00  0.5847E+01
  -1.560  0.4484E+00  0.5856E+01
  -1.540  0.4361E+00  0.5865E+01
  -1.520  0.4175E+00  0.5873E+01
  -1.500  0.3932E+00  0.5881E+01
  -1.480  0.3642E+00  0.5888E+01
  -1.460  0.3318E+00  0.5895E+01
  -1.440  0.2974E+00  0.5901E+01
  -1.420  0.2627E+00  0.5906E+01
  -1.400  0.2296E+00  0.5911E+01
  -1.380  0.2000E+00  0.5915E+01
  -1.360  0.1760E+00  0.5918E+01
  -1.340  0.1594E+00  0.5922E+01
  -1.320  0.1518E+00  0.5925E+01
  -1.300  0.1542E+00  0.5928E+01
  -1.280  0.1667E+00  0.5931E+01
  -1.260  0.1883E+00  0.5935E+01
  -1.240  0.2170E+00  0.5939E+01
  -1.220  0.2498E+00  0.5944E+01
  -1.200  0.2830E+00  0.5950E+01
  -1.180  0.3127E+00  0.5956E+01
  -1.160  0.3355E+00  0.5963E+01
  -1.140  0.3490E+00  0.5970E+01
  -1.120  0.3518E+00  0.5977E+01
  -1.100  0.3443E+00  0.5984E+01
  -1.080  0.3281E+00  0.5990E+01
  -1.060  0.3059E+00  0.5996E+01
  -1.040  0.2808E+00  0.6002E+01
  -1.020  0.2562E+00  0.6007E+01
  -1.000  0.2349E+00  0.6012E+01
  -0.980  0.2191E+00  0.6016E+01
  -0.960  0.2101E+00  0.6020E+01
  -0.940  0.2084E+00  0.6025E+01
  -0.920  0.2141E+00  0.6029E+01
  -0.900  0.2268E+00  0.6033E+01
  -0.880  0.2461E+00  0.6038E+01
  -0.860  0.2716E+00  0.6044E+01
  -0.840  0.3026E+00  0.6050E+01
  -0.820  0.3380E+00  0.6056E+01
  -0.800  0.3763E+00  0.6064E+01
  -0.780  0.4149E+00  0.6072E+01
  -0.760  0.4509E+00  0.6081E+01
  -0.740  0.4811E+00  0.6091E+01
  -0.720  0.5029E+00  0.6101E+01
  -0.700  0.5148E+00  0.6111E+01
  -0.680  0.5172E+00  0.6122E+01
  -0.660  0.5125E+00  0.6132E+01
  -0.640  0.5047E+00  0.6142E+01
  -0.620  0.4988E+00  0.6152E+01
  -0.600  0.4998E+00  0.6162E+01
  -0.580  0.5117E+00  0.6172E+01
  -0.560  0.5362E+00  0.6183E+01
  -0.540  0.5721E+00  0.6194E+01
  -0.520  0.6157E+00  0.6207E+01
  -0.500  0.6610E+00  0.6220E+01
  -0.480  0.7010E+00  0.6234E+01
  -0.460  0.7287E+00  0.6248E+01
  -0.440  0.7388E+00  0.6263E+01
  -0.420  0.7286E+00  0.6278E+01
  -0.400  0.6982E+00  0.6292E+01
  -0.380  0.6505E+00  0.6305E+01
  -0.360  0.5904E+00  0.6317E+01
  -0.340  0.5238E+00  0.6327E+01
  -0.320  0.4564E+00  0.6336E+01
  -0.300  0.3929E+00  0.6344E+01
  -0.280  0.3364E+00  0.6351E+01
  -0.260  0.2885E+00  0.6357E+01
  -0.240  0.2497E+00  0.6362E+01
  -0.220  0.2197E+00  0.6366E+01
  -0.200  0.1984E+00  0.6370E+01
  -0.180  0.1862E+00  0.6374E+01
  -0.160  0.1840E+00  0.6377E+01
  -0.140  0.1934E+00  0.6381E+01
  -0.120  0.2159E+00  0.6386E+01
  -0.100  0.2529E+00  0.6391E+01
  -0.080  0.3047E+00  0.6397E+01
  -0.060  0.3701E+00  0.6404E+01
  -0.040  0.4463E+00  0.6413E+01
  -0.020  0.5288E+00  0.6424E+01
   0.000  0.6120E+00  0.6436E+01
   0.020  0.6896E+00  0.6450E+01
   0.040  0.7555E+00  0.6465E+01
   0.060  0.8051E+00  0.6481E+01
   0.080  0.8354E+00  0.6498E+01
   0.100  0.8459E+00  0.6514E+01
   0.120  0.8382E+00  0.6531E+01
   0.140  0.8154E+00  0.6548E+01
   0.160  0.7816E+00  0.6563E+01
   0.180  0.7410E+00  0.6578E+01
   0.200  0.6969E+00  0.6592E+01
   0.220  0.6522E+00  0.6605E+01
   0.240  0.6086E+00  0.6617E+01
   0.260  0.5673E+00  0.6628E+01
   0.280  0.5297E+00  0.6639E+01
   0.300  0.4974E+00  0.6649E+01
   0.320  0.4727E+00  0.6658E+01
   0.340  0.4584E+00  0.6668E+01
   0.360  0.4572E+00  0.6677E+01
   0.380  0.4713E+00  0.6686E+01
   0.400  0.5014E+00  0.6696E+01
   0.420  0.5465E+00  0.6707E+01
   0.440  0.6031E+00  0.6719E+01
   0.460  0.6661E+00  0.6733E+01
   0.480  0.7291E+00  0.6747E+01
   0.500  0.7859E+00  0.6763E+01
   0.520  0.8311E+00  0.6779E+01
   0.540  0.8612E+00  0.6797E+01
   0.560  0.8753E+00  0.6814E+01
   0.580  0.8744E+00  0.6832E+01
   0.600  0.8611E+00  0.6849E+01
   0.620  0.8388E+00  0.6866E+01
   0.640  0.8108E+00  0.6882E+01
   0.660  0.7796E+00  0.6897E+01
   0.680  0.7473E+00  0.6912E+01
   0.700  0.7152E+00  0.6927E+01
   0.720  0.6845E+00  0.6940E+01
   0.740  0.6562E+00  0.6954E+01
   0.760  0.6317E+00  0.6966E+01
   0.780  0.6122E+00  0.6978E+01
   0.800  0.5985E+00  0.6990E+01
   0.820  0.5910E+00  0.7002E+01
   0.840  0.5891E+00  0.7014E+01
   0.860  0.5917E+00  0.7026E+01
   0.880  0.5968E+00  0.7038E+01
   0.900  0.6022E+00  0.7050E+01
   0.920  0.6055E+00  0.7062E+01
   0.940  0.6047E+00  0.7074E+01
   0.960  0.5981E+00  0.7086E+01
   0.980  0.5848E+00  0.7098E+01
   1.000  0.5646E+00  0.7109E+01
   1.020  0.5388E+00  0.7120E+01
   1.040  0.5094E+00  0.7130E+01
   1.060  0.4797E+00  0.7140E+01
   1.080  0.4535E+00  0.7149E+01
   1.100  0.4343E+00  0.7157E+01
   1.120  0.4253E+00  0.7166E+01
   1.140  0.4281E+00  0.7174E+01
   1.160  0.4427E+00  0.7183E+01
   1.180  0.4671E+00  0.7193E+01
   1.200  0.4983E+00  0.7203E+01
   1.220  0.5326E+00  0.7213E+01
   1.240  0.5662E+00  0.7225E+01
   1.260  0.5964E+00  0.7236E+01
   1.280  0.6218E+00  0.7249E+01
   1.300  0.6426E+00  0.7262E+01
   1.320  0.6601E+00  0.7275E+01
   1.340  0.6762E+00  0.7288E+01
   1.360  0.6931E+00  0.7302E+01
   1.380  0.7124E+00  0.7317E+01
   1.400  0.7345E+00  0.7331E+01
   1.420  0.7591E+00  0.7346E+01
   1.440  0.7846E+00  0.7362E+01
   1.460  0.8088E+00  0.7378E+01
   1.480  0.8297E+00  0.7395E+01
   1.500  0.8452E+00  0.7412E+01
   1.520  0.8538E+00  0.7429E+01
   1.540  0.8552E+00  0.7446E+01
   1.560  0.8492E+00  0.7463E+01
   1.580  0.8365E+00  0.7480E+01
   1.600  0.8180E+00  0.7496E+01
   1.620  0.7943E+00  0.7512E+01
   1.640  0.7662E+00  0.7527E+01
   1.660  0.7343E+00  0.7542E+01
   1.680  0.6994E+00  0.7556E+01
   1.700  0.6626E+00  0.7569E+01
   1.720  0.6255E+00  0.7582E+01
   1.740  0.5903E+00  0.7594E+01
   1.760  0.5596E+00  0.7605E+01
   1.780  0.5363E+00  0.7615E+01
   1.800  0.5229E+00  0.7626E+01
   1.820  0.5216E+00  0.7636E+01
   1.840  0.5334E+00  0.7647E+01
   1.860  0.5580E+00  0.7658E+01
   1.880  0.5942E+00  0.7670E+01
   1.900  0.6396E+00  0.7683E+01
   1.920  0.6912E+00  0.7697E+01
   1.940  0.7460E+00  0.7712E+01
   1.960  0.8015E+00  0.7728E+01
   1.980  0.8558E+00  0.7745E+01
   2.000  0.9081E+00  0.7763E+01
   2.020  0.9582E+00  0.7782E+01
   2.040  0.1006E+01  0.7802E+01
   2.060  0.1050E+01  0.7823E+01
   2.080  0.1089E+01  0.7845E+01
   2.100  0.1119E+01  0.7867E+01
   2.120  0.1138E+01  0.7890E+01
   2.140  0.1139E+01  0.7913E+01
   2.160  0.1122E+01  0.7935E+01
   2.180  0.1084E+01  0.7957E+01
   2.200  0.1028E+01  0.7978E+01
   2.220  0.9575E+00  0.7997E+01
   2.240  0.8787E+00  0.8014E+01
   2.260  0.7981E+00  0.8030E+01
   2.280  0.7223E+00  0.8045E+01
   2.300  0.6568E+00  0.8058E+01
   2.320  0.6055E+00  0.8070E+01
   2.340  0.5707E+00  0.8081E+01
   2.360  0.5530E+00  0.8092E+01
   2.380  0.5512E+00  0.8103E+01
   2.400  0.5626E+00  0.8115E+01
   2.420  0.5833E+00  0.8126E+01
   2.440  0.6084E+00  0.8138E+01
   2.460  0.6329E+00  0.8151E+01
   2.480  0.6522E+00  0.8164E+01
   2.500  0.6634E+00  0.8177E+01
   2.520  0.6657E+00  0.8191E+01
   2.540  0.6606E+00  0.8204E+01
   2.560  0.6520E+00  0.8217E+01
   2.580  0.6451E+00  0.8230E+01
   2.600  0.6452E+00  0.8243E+01
   2.620  0.6569E+00  0.8256E+01
   2.640  0.6832E+00  0.8270E+01
   2.660  0.7245E+00  0.8284E+01
   2.680  0.7794E+00  0.8300E+01
   2.700  0.8448E+00  0.8317E+01
   2.720  0.9175E+00  0.8335E+01
   2.740  0.9941E+00  0.8355E+01
   2.760  0.1072E+01  0.8376E+01
   2.780  0.1151E+01  0.8399E+01
   2.800  0.1229E+01  0.8424E+01
   2.820  0.1305E+01  0.8450E+01
   2.840  0.1376E+01  0.8477E+01
   2.860  0.1438E+01  0.8506E+01
   2.880  0.1489E+01  0.8536E+01
   2.900  0.1522E+01  0.8566E+01
   2.920  0.1534E+01  0.8597E+01
   2.940  0.1523E+01  0.8628E+01
   2.960  0.1490E+01  0.8657E+01
   2.980  0.1438E+01  0.8686E+01
   3.000  0.1374E+01  0.8714E+01
   3.020  0.1305E+01  0.8740E+01
   3.040  0.1238E+01  0.8764E+01
   3.060  0.1180E+01  0.8788E+01
   3.080  0.1138E+01  0.8811E+01
   3.100  0.1114E+01  0.8833E+01
   3.120  0.1107E+01  0.8855E+01
   3.140  0.1117E+01  0.8878E+01
   3.160  0.1136E+01  0.8900E+01
   3.180  0.1161E+01  0.8924E+01
   3.200  0.1185E+01  0.8947E+01
   3.220  0.1204E+01  0.8971E+01
   3.240  0.1217E+01  0.8996E+01
   3.260  0.1223E+01  0.9020E+01
   3.280  0.1228E+01  0.9045E+01
   3.300  0.1235E+01  0.9069E+01
   3.320  0.1251E+01  0.9094E+01
   3.340  0.1281E+01  0.9120E+01
   3.360  0.1325E+01  0.9147E+01
   3.380  0.1384E+01  0.9174E+01
   3.400  0.1451E+01  0.9203E+01
   3.420  0.1521E+01  0.9234E+01
   3.440  0.1583E+01  0.9265E+01
   3.460  0.1632E+01  0.9298E+01
   3.480  0.1660E+01  0.9331E+01
   3.500  0.1665E+01  0.9364E+01
   3.520  0.1648E+01  0.9397E+01
   3.540  0.1613E+01  0.9430E+01
   3.560  0.1566E+01  0.9461E+01
   3.580  0.1513E+01  0.9491E+01
   3.600  0.1463E+01  0.9521E+01
   3.620  0.1419E+01  0.9549E+01
   3.640  0.1387E+01  0.9577E+01
   3.660  0.1368E+01  0.9604E+01
   3.680  0.1363E+01  0.9631E+01
   3.700  0.1372E+01  0.9659E+01
   3.720  0.1394E+01  0.9687E+01
   3.740  0.1431E+01  0.9715E+01
   3.760  0.1482E+01  0.9745E+01
   3.780  0.1546E+01  0.9776E+01
   3.800  0.1622E+01  0.9808E+01
   3.820  0.1707E+01  0.9842E+01
   3.840  0.1793E+01  0.9878E+01
   3.860  0.1875E+01  0.9916E+01
   3.880  0.1945E+01  0.9955E+01
   3.900  0.1996E+01  0.9995E+01
   3.920  0.2023E+01  0.1004E+02
   3.940  0.2026E+01  0.1008E+02
   3.960  0.2008E+01  0.1012E+02
   3.980  0.1974E+01  0.1016E+02
   4.000  0.1936E+01  0.1019E+02
   4.020  0.1904E+01  0.1023E+02
   4.040  0.1887E+01  0.1027E+02
   4.060  0.1893E+01  0.1031E+02
   4.080  0.1927E+01  0.1035E+02
   4.100  0.1988E+01  0.1039E+02
   4.120  0.2072E+01  0.1043E+02
   4.140  0.2171E+01  0.1047E+02
   4.160  0.2274E+01  0.1052E+02
   4.180  0.2371E+01  0.1056E+02
   4.200  0.2451E+01  0.1061E+02
   4.220  0.2507E+01  0.1066E+02
   4.240  0.2533E+01  0.1071E+02
   4.260  0.2527E+01  0.1076E+02
   4.280  0.2490E+01  0.1081E+02
   4.300  0.2425E+01  0.1086E+02
   4.320  0.2336E+01  0.1091E+02
   4.340  0.2228E+01  0.1095E+02
   4.360  0.2108E+01  0.1100E+02
   4.380  0.1981E+01  0.1104E+02
   4.400  0.1853E+01  0.1107E+02
   4.420  0.1729E+01  0.1111E+02
   4.440  0.1613E+01  0.1114E+02
   4.460  0.1509E+01  0.1117E+02
   4.480  0.1418E+01  0.1120E+02
   4.500  0.1342E+01  0.1122E+02
   4.520  0.1283E+01  0.1125E+02
   4.540  0.1240E+01  0.1128E+02
   4.560  0.1215E+01  0.1130E+02
   4.580  0.1210E+01  0.1132E+02
   4.600  0.1224E+01  0.1135E+02
   4.620  0.1260E+01  0.1137E+02
   4.640  0.1315E+01  0.1140E+02
   4.660  0.1389E+01  0.1143E+02
   4.680  0.1479E+01  0.1146E+02
   4.700  0.1582E+01  0.1149E+02
   4.720  0.1693E+01  0.1152E+02
   4.740  0.1806E+01  0.1156E+02
   4.760  0.1916E+01  0.1160E+02
   4.780  0.2015E+01  0.1164E+02
   4.800  0.2097E+01  0.1168E+02
   4.820  0.2154E+01  0.1172E+02
   4.840  0.2183E+01  0.1177E+02
   4.860  0.2181E+01  0.1181E+02
   4.880  0.2147E+01  0.1185E+02
   4.900  0.2084E+01  0.1189E+02
   4.920  0.1997E+01  0.1193E+02
   4.940  0.1893E+01  0.1197E+02
   4.960  0.1781E+01  0.1201E+02
   4.980  0.1668E+01  0.1204E+02
   5.000  0.1563E+01  0.1207E+02
   5.020  0.1470E+01  0.1210E+02
   5.040  0.1394E+01  0.1213E+02
   5.060  0.1336E+01  0.1216E+02
   5.080  0.1295E+01  0.1218E+02
   5.100  0.1269E+01  0.1221E+02
   5.120  0.1257E+01  0.1223E+02
   5.140  0.1257E+01  0.1226E+02
   5.160  0.1266E+01  0.1228E+02
   5.180  0.1282E+01  0.1231E+02
   5.200  0.1302E+01  0.1233E+02
   5.220  0.1321E+01  0.1236E+02
   5.240  0.1338E+01  0.1239E+02
   5.260  0.1348E+01  0.1241E+02
   5.280  0.1351E+01  0.1244E+02
   5.300  0.1348E+01  0.1247E+02
   5.320  0.1342E+01  0.1250E+02
   5.340  0.1340E+01  0.1252E+02
   5.360  0.1350E+01  0.1255E+02
   5.380  0.1377E+01  0.1258E+02
   5.400  0.1427E+01  0.1261E+02
   5.420  0.1499E+01  0.1264E+02
   5.440  0.1589E+01  0.1267E+02
   5.460  0.1691E+01  0.1270E+02
   5.480  0.1794E+01  0.1274E+02
   5.500  0.1889E+01  0.1277E+02
   5.520  0.1966E+01  0.1281E+02
   5.540  0.2022E+01  0.1285E+02
   5.560  0.2056E+01  0.1290E+02
   5.580  0.2072E+01  0.1294E+02
   5.600  0.2079E+01  0.1298E+02
   5.620  0.2085E+01  0.1302E+02
   5.640  0.2098E+01  0.1306E+02
   5.660  0.2125E+01  0.1310E+02
   5.680  0.2165E+01  0.1315E+02
   5.700  0.2213E+01  0.1319E+02
   5.720  0.2260E+01  0.1324E+02
   5.740  0.2294E+01  0.1328E+02
   5.760  0.2301E+01  0.1333E+02
   5.780  0.2271E+01  0.1337E+02
   5.800  0.2200E+01  0.1342E+02
   5.820  0.2087E+01  0.1346E+02
   5.840  0.1939E+01  0.1350E+02
   5.860  0.1769E+01  0.1353E+02
   5.880  0.1591E+01  0.1357E+02
   5.900  0.1418E+01  0.1359E+02
   5.920  0.1263E+01  0.1362E+02
   5.940  0.1136E+01  0.1364E+02
   5.960  0.1039E+01  0.1366E+02
   5.980  0.9751E+00  0.1368E+02
   6.000  0.9405E+00  0.1370E+02
   6.020  0.9313E+00  0.1372E+02
   6.040  0.9428E+00  0.1374E+02
   6.060  0.9702E+00  0.1376E+02
   6.080  0.1010E+01  0.1378E+02
   6.100  0.1058E+01  0.1380E+02
   6.120  0.1114E+01  0.1382E+02
   6.140  0.1177E+01  0.1385E+02
   6.160  0.1245E+01  0.1387E+02
   6.180  0.1318E+01  0.1390E+02
   6.200  0.1396E+01  0.1393E+02
   6.220  0.1475E+01  0.1395E+02
   6.240  0.1553E+01  0.1399E+02
   6.260  0.1627E+01  0.1402E+02
   6.280  0.1695E+01  0.1405E+02
   6.300  0.1754E+01  0.1409E+02
   6.320  0.1802E+01  0.1412E+02
   6.340  0.1839E+01  0.1416E+02
   6.360  0.1865E+01  0.1420E+02
   6.380  0.1883E+01  0.1424E+02
   6.400  0.1895E+01  0.1427E+02
   6.420  0.1903E+01  0.1431E+02
   6.440  0.1911E+01  0.1435E+02
   6.460  0.1920E+01  0.1439E+02
   6.480  0.1934E+01  0.1443E+02
   6.500  0.1956E+01  0.1447E+02
   6.520  0.1986E+01  0.1451E+02
   6.540  0.2028E+01  0.1455E+02
   6.560  0.2083E+01  0.1459E+02
   6.580  0.2151E+01  0.1463E+02
   6.600  0.2232E+01  0.1468E+02
   6.620  0.2321E+01  0.1472E+02
   6.640  0.2414E+01  0.1477E+02
   6.660  0.2502E+01  0.1482E+02
   6.680  0.2575E+01  0.1487E+02
   6.700  0.2624E+01  0.1492E+02
   6.720  0.2643E+01  0.1498E+02
   6.740  0.2626E+01  0.1503E+02
   6.760  0.2574E+01  0.1508E+02
   6.780  0.2494E+01  0.1513E+02
   6.800  0.2393E+01  0.1518E+02
   6.820  0.2280E+01  0.1522E+02
   6.840  0.2163E+01  0.1527E+02
   6.860  0.2049E+01  0.1531E+02
   6.880  0.1941E+01  0.1535E+02
   6.900  0.1837E+01  0.1538E+02
   6.920  0.1739E+01  0.1542E+02
   6.940  0.1645E+01  0.1545E+02
   6.960  0.1558E+01  0.1548E+02
   6.980  0.1480E+01  0.1551E+02
   7.000  0.1417E+01  0.1554E+02
   7.020  0.1376E+01  0.1557E+02
   7.040  0.1358E+01  0.1560E+02
   7.060  0.1366E+01  0.1562E+02
   7.080  0.1396E+01  0.1565E+02
   7.100  0.1441E+01  0.1568E+02
   7.120  0.1494E+01  0.1571E+02
   7.140  0.1542E+01  0.1574E+02
   7.160  0.1577E+01  0.1577E+02
   7.180  0.1590E+01  0.1580E+02
   7.200  0.1576E+01  0.1583E+02
   7.220  0.1535E+01  0.1587E+02
   7.240  0.1467E+01  0.1589E+02
   7.260  0.1381E+01  0.1592E+02
   7.280  0.1284E+01  0.1595E+02
   7.300  0.1187E+01  0.1597E+02
   7.320  0.1101E+01  0.1599E+02
   7.340  0.1035E+01  0.1601E+02
   7.360  0.9953E+00  0.1603E+02
   7.380  0.9837E+00  0.1605E+02
   7.400  0.9974E+00  0.1607E+02
   7.420  0.1030E+01  0.1609E+02
   7.440  0.1073E+01  0.1612E+02
   7.460  0.1117E+01  0.1614E+02
   7.480  0.1156E+01  0.1616E+02
   7.500  0.1185E+01  0.1619E+02
   7.520  0.1205E+01  0.1621E+02
   7.540  0.1221E+01  0.1623E+02
   7.560  0.1238E+01  0.1626E+02
   7.580  0.1265E+01  0.1628E+02
   7.600  0.1306E+01  0.1631E+02
   7.620  0.1366E+01  0.1634E+02
   7.640  0.1442E+01  0.1637E+02
   7.660  0.1532E+01  0.1640E+02
   7.680  0.1629E+01  0.1643E+02
   7.700  0.1724E+01  0.1646E+02
   7.720  0.1810E+01  0.1650E+02
   7.740  0.1879E+01  0.1654E+02
   7.760  0.1926E+01  0.1658E+02
   7.780  0.1950E+01  0.1662E+02
   7.800  0.1951E+01  0.1665E+02
   7.820  0.1933E+01  0.1669E+02
   7.840  0.1902E+01  0.1673E+02
   7.860  0.1866E+01  0.1677E+02
   7.880  0.1833E+01  0.1681E+02
   7.900  0.1810E+01  0.1684E+02
   7.920  0.1801E+01  0.1688E+02
   7.940  0.1808E+01  0.1691E+02
   7.960  0.1830E+01  0.1695E+02
   7.980  0.1860E+01  0.1699E+02
   8.000  0.1892E+01  0.1703E+02
   8.020  0.1918E+01  0.1706E+02
   8.040  0.1931E+01  0.1710E+02
   8.060  0.1928E+01  0.1714E+02
   8.080  0.1906E+01  0.1718E+02
   8.100  0.1869E+01  0.1722E+02
   8.120  0.1821E+01  0.1725E+02
   8.140  0.1768E+01  0.1729E+02
   8.160  0.1718E+01  0.1732E+02
   8.180  0.1675E+01  0.1736E+02
   8.200  0.1645E+01  0.1739E+02
   8.220  0.1628E+01  0.1742E+02
   8.240  0.1624E+01  0.1745E+02
   8.260  0.1631E+01  0.1749E+02
   8.280  0.1646E+01  0.1752E+02
   8.300  0.1663E+01  0.1755E+02
   8.320  0.1680E+01  0.1759E+02
   8.340  0.1692E+01  0.1762E+02
   8.360  0.1698E+01  0.1765E+02
   8.380  0.1697E+01  0.1769E+02
   8.400  0.1690E+01  0.1772E+02
   8.420  0.1677E+01  0.1776E+02
   8.440  0.1662E+01  0.1779E+02
   8.460  0.1647E+01  0.1782E+02
   8.480  0.1632E+01  0.1785E+02
   8.500  0.1621E+01  0.1789E+02
   8.520  0.1613E+01  0.1792E+02
   8.540  0.1609E+01  0.1795E+02
   8.560  0.1608E+01  0.1798E+02
   8.580  0.1610E+01  0.1802E+02
   8.600  0.1614E+01  0.1805E+02
   8.620  0.1618E+01  0.1808E+02
   8.640  0.1622E+01  0.1811E+02
   8.660  0.1625E+01  0.1814E+02
   8.680  0.1626E+01  0.1818E+02
   8.700  0.1624E+01  0.1821E+02
   8.720  0.1622E+01  0.1824E+02
   8.740  0.1616E+01  0.1827E+02
   8.760  0.1608E+01  0.1831E+02
   8.780  0.1595E+01  0.1834E+02
   8.800  0.1577E+01  0.1837E+02
   8.820  0.1553E+01  0.1840E+02
   8.840  0.1523E+01  0.1843E+02
   8.860  0.1489E+01  0.1846E+02
   8.880  0.1455E+01  0.1849E+02
   8.900  0.1425E+01  0.1852E+02
   8.920  0.1403E+01  0.1855E+02
   8.940  0.1394E+01  0.1857E+02
   8.960  0.1402E+01  0.1860E+02
   8.980  0.1427E+01  0.1863E+02
   9.000  0.1471E+01  0.1866E+02
   9.020  0.1533E+01  0.1869E+02
   9.040  0.1609E+01  0.1872E+02
   9.060  0.1698E+01  0.1876E+02
   9.080  0.1794E+01  0.1879E+02
   9.100  0.1891E+01  0.1883E+02
   9.120  0.1983E+01  0.1887E+02
   9.140  0.2062E+01  0.1891E+02
   9.160  0.2119E+01  0.1895E+02
   9.180  0.2149E+01  0.1900E+02
   9.200  0.2147E+01  0.1904E+02
   9.220  0.2112E+01  0.1908E+02
   9.240  0.2047E+01  0.1912E+02
   9.260  0.1958E+01  0.1916E+02
   9.280  0.1854E+01  0.1920E+02
   9.300  0.1746E+01  0.1923E+02
   9.320  0.1642E+01  0.1927E+02
   9.340  0.1548E+01  0.1930E+02
   9.360  0.1468E+01  0.1933E+02
   9.380  0.1401E+01  0.1936E+02
   9.400  0.1346E+01  0.1938E+02
   9.420  0.1299E+01  0.1941E+02
   9.440  0.1256E+01  0.1943E+02
   9.460  0.1215E+01  0.1946E+02
   9.480  0.1173E+01  0.1948E+02
   9.500  0.1130E+01  0.1950E+02
   9.520  0.1087E+01  0.1953E+02
   9.540  0.1050E+01  0.1955E+02
   9.560  0.1022E+01  0.1957E+02
   9.580  0.1009E+01  0.1959E+02
   9.600  0.1018E+01  0.1961E+02
   9.620  0.1053E+01  0.1963E+02
   9.640  0.1115E+01  0.1965E+02
   9.660  0.1201E+01  0.1968E+02
   9.680  0.1306E+01  0.1970E+02
   9.700  0.1419E+01  0.1973E+02
   9.720  0.1530E+01  0.1976E+02
   9.740  0.1626E+01  0.1979E+02
   9.760  0.1700E+01  0.1983E+02
   9.780  0.1745E+01  0.1986E+02
   9.800  0.1761E+01  0.1990E+02
   9.820  0.1752E+01  0.1993E+02
   9.840  0.1726E+01  0.1997E+02
   9.860  0.1692E+01  0.2000E+02
   9.880  0.1659E+01  0.2003E+02
   9.900  0.1633E+01  0.2007E+02
   9.920  0.1618E+01  0.2010E+02
   9.940  0.1614E+01  0.2013E+02
   9.960  0.1618E+01  0.2016E+02
   9.980  0.1623E+01  0.2020E+02
  10.000  0.1624E+01  0.2023E+02
  10.020  0.1615E+01  0.2026E+02
  10.040  0.1593E+01  0.2029E+02
  10.060  0.1558E+01  0.2032E+02
  10.080  0.1510E+01  0.2035E+02
  10.100  0.1453E+01  0.2038E+02
  10.120  0.1394E+01  0.2041E+02
  10.140  0.1338E+01  0.2044E+02
  10.160  0.1291E+01  0.2046E+02
  10.180  0.1258E+01  0.2049E+02
  10.200  0.1241E+01  0.2051E+02
  10.220  0.1243E+01  0.2054E+02
  10.240  0.1262E+01  0.2056E+02
  10.260  0.1295E+01  0.2059E+02
  10.280  0.1339E+01  0.2062E+02
  10.300  0.1387E+01  0.2064E+02
  10.320  0.1433E+01  0.2067E+02
  10.340  0.1470E+01  0.2070E+02
  10.360  0.1490E+01  0.2073E+02
  10.380  0.1489E+01  0.2076E+02
  10.400  0.1463E+01  0.2079E+02
  10.420  0.1409E+01  0.2082E+02
  10.440  0.1329E+01  0.2085E+02
  10.460  0.1227E+01  0.2087E+02
  10.480  0.1109E+01  0.2089E+02
  10.500  0.9834E+00  0.2091E+02
  10.520  0.8590E+00  0.2093E+02
  10.540  0.7450E+00  0.2094E+02
  10.560  0.6493E+00  0.2096E+02
  10.580  0.5776E+00  0.2097E+02
  10.600  0.5329E+00  0.2098E+02
  10.620  0.5150E+00  0.2099E+02
  10.640  0.5201E+00  0.2100E+02
  10.660  0.5417E+00  0.2101E+02
  10.680  0.5715E+00  0.2102E+02
  10.700  0.6002E+00  0.2103E+02
  10.720  0.6192E+00  0.2105E+02
  10.740  0.6222E+00  0.2106E+02
  10.760  0.6053E+00  0.2107E+02
  10.780  0.5685E+00  0.2108E+02
  10.800  0.5144E+00  0.2109E+02
  10.820  0.4480E+00  0.2110E+02
  10.840  0.3756E+00  0.2111E+02
  10.860  0.3035E+00  0.2112E+02
  10.880  0.2369E+00  0.2112E+02
  10.900  0.1800E+00  0.2112E+02
  10.920  0.1349E+00  0.2113E+02
  10.940  0.1024E+00  0.2113E+02
  10.960  0.8196E-01  0.2113E+02
  10.980  0.7232E-01  0.2113E+02
  11.000  0.7156E-01  0.2113E+02
  11.020  0.7744E-01  0.2113E+02
  11.040  0.8755E-01  0.2114E+02
  11.060  0.9945E-01  0.2114E+02
  11.080  0.1108E+00  0.2114E+02
  11.100  0.1196E+00  0.2114E+02
  11.120  0.1243E+00  0.2115E+02
  11.140  0.1240E+00  0.2115E+02
  11.160  0.1188E+00  0.2115E+02
  11.180  0.1091E+00  0.2115E+02
  11.200  0.9637E-01  0.2115E+02
  11.220  0.8210E-01  0.2116E+02
  11.240  0.6803E-01  0.2116E+02
  11.260  0.5575E-01  0.2116E+02
  11.280  0.4654E-01  0.2116E+02
  11.300  0.4131E-01  0.2116E+02
  11.320  0.4055E-01  0.2116E+02
  11.340  0.4433E-01  0.2116E+02
  11.360  0.5230E-01  0.2116E+02
  11.380  0.6369E-01  0.2116E+02
  11.400  0.7733E-01  0.2117E+02
  11.420  0.9171E-01  0.2117E+02
  11.440  0.1051E+00  0.2117E+02
  11.460  0.1159E+00  0.2117E+02
  11.480  0.1227E+00  0.2117E+02
  11.500  0.1244E+00  0.2118E+02
  11.520  0.1209E+00  0.2118E+02
  11.540  0.1125E+00  0.2118E+02
  11.560  0.1003E+00  0.2118E+02
  11.580  0.8566E-01  0.2119E+02
  11.600  0.7005E-01  0.2119E+02
  11.620  0.5486E-01  0.2119E+02
  11.640  0.4114E-01  0.2119E+02
  11.660  0.2955E-01  0.2119E+02
  11.680  0.2033E-01  0.2119E+02
  11.700  0.1339E-01  0.2119E+02
  11.720  0.8452E-02  0.2119E+02
  11.740  0.5107E-02  0.2119E+02
  11.760  0.2956E-02  0.2119E+02
  11.780  0.1638E-02  0.2119E+02
  11.800  0.8695E-03  0.2119E+02
  11.820  0.4420E-03  0.2119E+02
  11.840  0.2152E-03  0.2119E+02
  11.860  0.1003E-03  0.2119E+02
  11.880  0.4480E-04  0.2119E+02
  11.900  0.1916E-04  0.2119E+02
  11.920  0.7847E-05  0.2119E+02
  11.940  0.3078E-05  0.2119E+02
  11.960  0.1156E-05  0.2119E+02
  11.980  0.4160E-06  0.2119E+02
  12.000  0.1433E-06  0.2119E+02
  12.020  0.4729E-07  0.2119E+02
  12.040  0.1495E-07  0.2119E+02
  12.060  0.4523E-08  0.2119E+02
  12.080  0.1311E-08  0.2119E+02
  12.100  0.3639E-09  0.2119E+02
  12.120  0.9675E-10  0.2119E+02
  12.140  0.2463E-10  0.2119E+02
  12.160  0.6006E-11  0.2119E+02
  12.180  0.1403E-11  0.2119E+02
  12.200  0.3137E-12  0.2119E+02
  12.220  0.6719E-13  0.2119E+02
  12.240  0.1378E-13  0.2119E+02
  12.260  0.2707E-14  0.2119E+02
  12.280  0.5094E-15  0.2119E+02
  12.300  0.9178E-16  0.2119E+02
  12.320  0.1584E-16  0.2119E+02
  12.340  0.2618E-17  0.2119E+02
  12.360  0.4143E-18  0.2119E+02
  12.380  0.6280E-19  0.2119E+02
  12.400  0.9116E-20  0.2119E+02
  12.420  0.1267E-20  0.2119E+02
  12.440  0.1688E-21  0.2119E+02
  12.460  0.2152E-22  0.2119E+02
  12.480  0.2628E-23  0.2119E+02
  12.500  0.3074E-24  0.2119E+02
  12.520  0.3443E-25  0.2119E+02
  12.540  0.3693E-26  0.2119E+02
  12.560  0.3794E-27  0.2119E+02
  12.580  0.3733E-28  0.2119E+02
  12.600  0.3518E-29  0.2119E+02
  12.620  0.3175E-30  0.2119E+02
  12.640  0.2744E-31  0.2119E+02
  12.660  0.2271E-32  0.2119E+02
  12.680  0.1800E-33  0.2119E+02
  12.700  0.1367E-34  0.2119E+02
  12.720  0.9936E-36  0.2119E+02
  12.740  0.6919E-37  0.2119E+02
  12.760  0.4614E-38  0.2119E+02
  12.780  0.2947E-39  0.2119E+02
  12.800  0.1802E-40  0.2119E+02
  12.820  0.1056E-41  0.2119E+02
  12.840  0.5923E-43  0.2119E+02
  12.860  0.3182E-44  0.2119E+02
  12.880  0.1637E-45  0.2119E+02
  12.900  0.8069E-47  0.2119E+02
  12.920  0.3808E-48  0.2119E+02
  12.940  0.1721E-49  0.2119E+02
  12.960  0.7450E-51  0.2119E+02
  12.980  0.3088E-52  0.2119E+02
  13.000  0.1226E-53  0.2119E+02
  13.020  0.4662E-55  0.2119E+02
  13.040  0.1698E-56  0.2119E+02
  13.060  0.5921E-58  0.2119E+02
  13.080  0.1978E-59  0.2119E+02
  13.100  0.6325E-61  0.2119E+02
  13.120  0.1938E-62  0.2119E+02
  13.140  0.5685E-64  0.2119E+02
  13.160  0.1597E-65  0.2119E+02
  13.180  0.4298E-67  0.2119E+02
  13.200  0.1108E-68  0.2119E+02
  13.220  0.2734E-70  0.2119E+02
  13.240  0.6462E-72  0.2119E+02
  13.260  0.1463E-73  0.2119E+02
  13.280  0.3171E-75  0.2119E+02
  13.300  0.6584E-77  0.2119E+02
  13.320  0.1309E-78  0.2119E+02
  13.340  0.2493E-80  0.2119E+02
  13.360  0.4561E-82  0.2119E+02
  13.380  0.9318E-84  0.2119E+02
  13.400  0.1508E-84  0.2119E+02
  13.420  0.1378E-84  0.2119E+02
  13.440  0.1377E-84  0.2119E+02
  13.460  0.1377E-84  0.2119E+02
  13.480  0.1377E-84  0.2119E+02
  13.500  0.1377E-84  0.2119E+02
  13.520  0.1377E-84  0.2119E+02
  13.540  0.1377E-84  0.2119E+02
  13.560  0.1377E-84  0.2119E+02
  13.580  0.1377E-84  0.2119E+02
  13.600  0.1377E-84  0.2119E+02
  13.620  0.1377E-84  0.2119E+02
  13.640  0.1377E-84  0.2119E+02
  13.660  0.1377E-84  0.2119E+02
  13.680  0.1377E-84  0.2119E+02
  13.700  0.1377E-84  0.2119E+02
  13.720  0.1377E-84  0.2119E+02
  13.740  0.1377E-84  0.2119E+02
  13.760  0.1377E-84  0.2119E+02
  13.780  0.1377E-84  0.2119E+02
  13.800  0.1377E-84  0.2119E+02
  13.820  0.1377E-84  0.2119E+02
  13.840  0.1377E-84  0.2119E+02
  13.860  0.1377E-84  0.2119E+02
  13.880  0.1377E-84  0.2119E+02
  13.900  0.1377E-84  0.2119E+02
  13.920  0.1377E-84  0.2119E+02
  13.940  0.1377E-84  0.2119E+02
  13.960  0.1377E-84  0.2119E+02
  13.980  0.1377E-84  0.2119E+02
  14.000  0.1377E-84  0.2119E+02
  14.020  0.1377E-84  0.2119E+02
  14.040  0.1377E-84  0.2119E+02
  14.060  0.1377E-84  0.2119E+02
  14.080  0.1377E-84  0.2119E+02
  14.100  0.1377E-84  0.2119E+02
  14.120  0.1377E-84  0.2119E+02
  14.140  0.1377E-84  0.2119E+02
  14.160  0.1377E-84  0.2119E+02
  14.180  0.1377E-84  0.2119E+02
  14.200  0.1377E-84  0.2119E+02
  14.220  0.1377E-84  0.2119E+02
  14.240  0.1377E-84  0.2119E+02
  14.260  0.1377E-84  0.2119E+02
  14.280  0.1377E-84  0.2119E+02
  14.300  0.1377E-84  0.2119E+02
  14.320  0.1377E-84  0.2119E+02
  14.340  0.1377E-84  0.2119E+02
  14.360  0.1377E-84  0.2119E+02
  14.380  0.1377E-84  0.2119E+02
  14.400  0.1377E-84  0.2119E+02
  14.420  0.1377E-84  0.2119E+02
  14.440  0.1377E-84  0.2119E+02
  14.460  0.1377E-84  0.2119E+02
  14.480  0.1377E-84  0.2119E+02
  14.500  0.1377E-84  0.2119E+02
  14.520  0.1377E-84  0.2119E+02
  14.540  0.1377E-84  0.2119E+02
  14.560  0.1377E-84  0.2119E+02
  14.580  0.1377E-84  0.2119E+02
  14.600  0.1377E-84  0.2119E+02
  14.620  0.1377E-84  0.2119E+02
  14.640  0.1377E-84  0.2119E+02
  14.660  0.1377E-84  0.2119E+02
  14.680  0.1377E-84  0.2119E+02
  14.700  0.1377E-84  0.2119E+02
  14.720  0.1377E-84  0.2119E+02
  14.740  0.1377E-84  0.2119E+02
  14.760  0.1377E-84  0.2119E+02
  14.780  0.1377E-84  0.2119E+02
  14.800  0.1377E-84  0.2119E+02
  14.820  0.1377E-84  0.2119E+02
  14.840  0.1377E-84  0.2119E+02
  14.860  0.1377E-84  0.2119E+02
  14.880  0.1377E-84  0.2119E+02
  14.900  0.1377E-84  0.2119E+02
  14.920  0.1377E-84  0.2119E+02
  14.940  0.1377E-84  0.2119E+02
  14.960  0.1377E-84  0.2119E+02
  14.980  0.1377E-84  0.2119E+02
  15.000  0.1377E-84  0.2119E+02
